1740302700342 0.0006688698776997626 121
1740302700465 0.0006688698776997626 122
1740302700586 0.0006688698776997626 123
1740302702751 0.0006688698776997626 124
1740302703648 0.0006688698776997626 125
1740302703776 0.0006688698776997626 126
1740302703894 0.0006688698776997626 127
1740302704012 0.0006688698776997626 128
1740302704130 0.0006688698776997626 129
1740302704929 0.0006688698776997626 130
1740302705056 0.0006688698776997626 131
1740302705183 0.0006688698776997626 132
1740302705302 0.0006688698776997626 133
1740302705421 0.0006688698776997626 134
1740302706270 0.0006688698776997626 135
1740302706452 0.0006688698776997626 136
1740302706633 0.0006688698776997626 137
1740302706781 0.0006688698776997626 138
1740302706907 0.0006688698776997626 139
1740302707928 0.0006688698776997626 140
1740302708060 0.0006688698776997626 141
1740302708180 0.0006688698776997626 142
1740302708298 0.0006688698776997626 143
1740302708421 0.0006688698776997626 144
1740302709268 0.0006688698776997626 145
1740302709398 0.0006688698776997626 146
1740302709517 0.0006688698776997626 147
1740302709638 0.0006688698776997626 148
1740302709771 0.0006688698776997626 149
1740302710866 0.0006688698776997626 150
1740302711029 0.0006688698776997626 151
1740302711159 0.0006688698776997626 152
1740302711281 0.0006688698776997626 153
1740302711401 0.0006688698776997626 154
1740302712449 0.0006688698776997626 155
1740302713164 0.0006688698776997626 156
1740302713293 0.0006688698776997626 157
1740302713413 0.0006688698776997626 158
1740302713533 0.0006688698776997626 159
1740302713653 0.0006688698776997626 160
1740302714554 0.0006688698776997626 161
1740302714688 0.0006688698776997626 162
1740302714818 0.0006688698776997626 163
1740302714958 0.0006688698776997626 164
1740302715098 0.0006688698776997626 165
1740302716110 0.0006688698776997626 166
1740302716263 0.0006688698776997626 167
1740302716401 0.0006688698776997626 168
1740302716530 0.0006688698776997626 169
1740302716655 0.0006688698776997626 170
1740302718577 0.0006688698776997626 171
1740302718843 0.0006688698776997626 172
1740302719151 0.0006688698776997626 173
1740302719405 0.0006688698776997626 174
1740302719780 0.0006688698776997626 175
1740302723662 0.0006688698776997626 176
1740302723930 0.0006688698776997626 177
1740302724151 0.0006688698776997626 178
1740302724302 0.0006688698776997626 179
1740302724458 0.0006688698776997626 180
1740302728222 0.0006688698776997626 181
1740302728437 0.0006688698776997626 182
1740302728588 0.0006688698776997626 183
1740302728762 0.0006688698776997626 184
1740302728954 0.0006688698776997626 185
1740302732659 0.0006688698776997626 186
1740302735158 0.0006688698776997626 187
1740302735381 0.0006688698776997626 188
1740302735592 0.0006688698776997626 189
1740302735759 0.0006688698776997626 190
1740302735974 0.0006688698776997626 191
1740302739156 0.0006688698776997626 192
1740302739412 0.0006688698776997626 193
1740302739637 0.0006688698776997626 194
1740302740013 0.0006688698776997626 195
1740302740235 0.0006688698776997626 196
1740302743619 0.0006688698776997626 197
1740302743869 0.0006688698776997626 198
1740302744006 0.0006688698776997626 199
1740302744137 0.0006688698776997626 200
1740302744284 0.0006688698776997626 201
1740302747733 0.0006688698776997626 202
1740302748050 0.0006688698776997626 203
1740302748227 0.0006688698776997626 204
1740302748427 0.0006688698776997626 205
1740302748656 0.0006688698776997626 206
1740302752153 0.0006688698776997626 207
1740302752492 0.0006688698776997626 208
1740302752721 0.0006688698776997626 209
1740302752925 0.0006688698776997626 210
1740302753134 0.0006688698776997626 211
1740302757075 0.0006688698776997626 212
1740302757526 0.0006688698776997626 213
1740302757748 0.0006688698776997626 214
1740302757991 0.0006688698776997626 215
1740302758200 0.0006688698776997626 216
1740302762420 0.0006688698776997626 217
1740302765278 0.0006688698776997626 218
1740302765560 0.0006688698776997626 219
1740302765698 0.0006688698776997626 220
1740302765819 0.0006688698776997626 221
1740302765943 0.0006688698776997626 222
1740302768986 0.0006688698776997626 223
1740302769243 0.0006688698776997626 224
1740302769373 0.0006688698776997626 225
1740302769498 0.0006688698776997626 226
1740302769617 0.0006688698776997626 227
1740302772544 0.0006688698776997626 228
1740302772766 0.0006688698776997626 229
1740302772886 0.0006688698776997626 230
1740302773029 0.0006688698776997626 231
1740302773232 0.0006688698776997626 232
1740302776226 0.0006688698776997626 233
1740302776503 0.0006688698776997626 234
1740302776659 0.0006688698776997626 235
1740302776852 0.0006688698776997626 236
1740302777023 0.0006688698776997626 237
1740302780141 0.0006688698776997626 238
1740302780384 0.0006688698776997626 239
1740302780516 0.0006688698776997626 240
