1740302700349 0.2 121
1740302700472 0.2 122
1740302700593 0.2 123
1740302702760 0.2 124
1740302703655 0.2 125
1740302703783 0.2 126
1740302703901 0.2 127
1740302704019 0.2 128
1740302704137 0.2 129
1740302704936 0.2 130
1740302705068 0.2 131
1740302705189 0.2 132
1740302705309 0.2 133
1740302705428 0.2 134
1740302706276 0.2 135
1740302706459 0.2 136
1740302706640 0.2 137
1740302706787 0.2 138
1740302706914 0.2 139
1740302707935 0.2 140
1740302708067 0.2 141
1740302708187 0.2 142
1740302708305 0.2 143
1740302708428 0.2 144
1740302709274 0.2 145
1740302709405 0.2 146
1740302709524 0.2 147
1740302709645 0.2 148
1740302709779 0.2 149
1740302710872 0.2 150
1740302711036 0.2 151
1740302711166 0.2 152
1740302711287 0.2 153
1740302711407 0.2 154
1740302712456 0.2 155
1740302713170 0.2 156
1740302713300 0.2 157
1740302713419 0.2 158
1740302713539 0.2 159
1740302713659 0.2 160
1740302714561 0.2 161
1740302714695 0.2 162
1740302714827 0.2 163
1740302714965 0.2 164
1740302715105 0.2 165
1740302716118 0.2 166
1740302716273 0.2 167
1740302716407 0.2 168
1740302716537 0.2 169
1740302716662 0.2 170
1740302718586 0.2 171
1740302718860 0.2 172
1740302719168 0.2 173
1740302719423 0.2 174
1740302719788 0.2 175
1740302723672 0.2 176
1740302723943 0.2 177
1740302724162 0.2 178
1740302724308 0.2 179
1740302724465 0.2 180
1740302728232 0.2 181
1740302728444 0.2 182
1740302728597 0.2 183
1740302728771 0.2 184
1740302728961 0.2 185
1740302732666 0.2 186
1740302735165 0.2 187
1740302735389 0.2 188
1740302735602 0.2 189
1740302735768 0.2 190
1740302735981 0.2 191
1740302739167 0.2 192
1740302739420 0.2 193
1740302739645 0.2 194
1740302740025 0.2 195
1740302740248 0.2 196
1740302743628 0.2 197
1740302743876 0.2 198
1740302744013 0.2 199
1740302744146 0.2 200
1740302744294 0.2 201
1740302747750 0.2 202
1740302748063 0.2 203
1740302748233 0.2 204
1740302748437 0.2 205
1740302748671 0.2 206
1740302752162 0.2 207
1740302752503 0.2 208
1740302752731 0.2 209
1740302752933 0.2 210
1740302753149 0.2 211
1740302757092 0.2 212
1740302757538 0.2 213
1740302757760 0.2 214
1740302758003 0.2 215
1740302758216 0.2 216
1740302762429 0.2 217
1740302765289 0.2 218
1740302765567 0.2 219
1740302765705 0.2 220
1740302765826 0.2 221
1740302765950 0.2 222
1740302769000 0.2 223
1740302769249 0.2 224
1740302769380 0.2 225
1740302769505 0.2 226
1740302769624 0.2 227
1740302772556 0.2 228
1740302772772 0.2 229
1740302772893 0.2 230
1740302773039 0.2 231
1740302773240 0.2 232
1740302776241 0.2 233
1740302776511 0.2 234
1740302776669 0.2 235
1740302776859 0.2 236
1740302777031 0.2 237
1740302780158 0.2 238
1740302780392 0.2 239
1740302780523 0.2 240
