1740302700343 0.0 121
1740302700466 0.0 122
1740302700587 0.0 123
1740302702753 0.0 124
1740302703649 0.0 125
1740302703777 0.0 126
1740302703895 0.0 127
1740302704013 0.0 128
1740302704131 0.0 129
1740302704930 0.0 130
1740302705058 0.0 131
1740302705184 0.0 132
1740302705303 0.0 133
1740302705422 0.0 134
1740302706271 0.0 135
1740302706453 0.0 136
1740302706634 0.0 137
1740302706782 0.0 138
1740302706909 0.0 139
1740302707929 0.0 140
1740302708061 0.0 141
1740302708181 0.0 142
1740302708300 0.0 143
1740302708422 0.0 144
1740302709269 0.0 145
1740302709400 0.0 146
1740302709519 0.0 147
1740302709639 0.0 148
1740302709772 0.0 149
1740302710867 0.0 150
1740302711031 0.0 151
1740302711160 0.0 152
1740302711282 0.0 153
1740302711402 0.0 154
1740302712450 0.0 155
1740302713165 0.0 156
1740302713294 0.0 157
1740302713414 0.0 158
1740302713534 0.0 159
1740302713654 0.0 160
1740302714555 0.0 161
1740302714690 0.0 162
1740302714820 0.0 163
1740302714959 0.0 164
1740302715099 0.0 165
1740302716112 0.0 166
1740302716265 0.0 167
1740302716402 0.0 168
1740302716531 0.0 169
1740302716657 0.0 170
1740302718578 0.0 171
1740302718846 0.0 172
1740302719154 0.0 173
1740302719408 0.0 174
1740302719781 0.0 175
1740302723664 0.0 176
1740302723932 0.0 177
1740302724153 0.0 178
1740302724303 0.0 179
1740302724460 0.0 180
1740302728224 0.0 181
1740302728439 0.0 182
1740302728590 0.0 183
1740302728764 0.0 184
1740302728955 0.0 185
1740302732660 0.0 186
1740302735159 0.0 187
1740302735382 0.0 188
1740302735594 0.0 189
1740302735761 0.0 190
1740302735976 0.0 191
1740302739157 0.0 192
1740302739413 0.0 193
1740302739638 0.0 194
1740302740016 0.0 195
1740302740237 0.0 196
1740302743620 0.0 197
1740302743870 0.0 198
1740302744007 0.0 199
1740302744138 0.0 200
1740302744285 0.0 201
1740302747736 0.0 202
1740302748052 0.0 203
1740302748228 0.0 204
1740302748430 0.0 205
1740302748658 0.0 206
1740302752155 0.0 207
1740302752494 0.0 208
1740302752723 0.0 209
1740302752927 0.0 210
1740302753136 0.0 211
1740302757078 0.0 212
1740302757528 0.0 213
1740302757750 0.0 214
1740302757994 0.0 215
1740302758203 0.0 216
1740302762421 0.0 217
1740302765280 0.0 218
1740302765561 0.0 219
1740302765700 0.0 220
1740302765820 0.0 221
1740302765944 0.0 222
1740302768988 0.0 223
1740302769244 0.0 224
1740302769374 0.0 225
1740302769500 0.0 226
1740302769618 0.0 227
1740302772546 0.0 228
1740302772767 0.0 229
1740302772887 0.0 230
1740302773030 0.0 231
1740302773234 0.0 232
1740302776229 0.0 233
1740302776504 0.0 234
1740302776661 0.0 235
1740302776853 0.0 236
1740302777024 0.0 237
1740302780144 0.0 238
1740302780386 0.0 239
1740302780517 0.0 240
