1740302700339 -8.514480113983154 121
1740302700461 -8.514480113983154 122
1740302700583 -8.514480113983154 123
1740302702746 -8.514480113983154 124
1740302703645 -8.514480113983154 125
1740302703772 -8.514480113983154 126
1740302703890 -8.514480113983154 127
1740302704008 -8.514480113983154 128
1740302704126 -8.514480113983154 129
1740302704926 -8.514480113983154 130
1740302705050 -8.514480113983154 131
1740302705179 -8.514480113983154 132
1740302705298 -8.514480113983154 133
1740302705418 -8.514480113983154 134
1740302706266 -8.514480113983154 135
1740302706448 -8.514480113983154 136
1740302706629 -8.514480113983154 137
1740302706777 -8.514480113983154 138
1740302706901 -8.514480113983154 139
1740302707925 -8.514480113983154 140
1740302708056 -8.514480113983154 141
1740302708177 -8.514480113983154 142
1740302708295 -8.514480113983154 143
1740302708417 -8.514480113983154 144
1740302709264 -8.514480113983154 145
1740302709395 -8.514480113983154 146
1740302709514 -8.514480113983154 147
1740302709634 -8.514480113983154 148
1740302709767 -8.514480113983154 149
1740302710862 -8.514480113983154 150
1740302711026 -8.514480113983154 151
1740302711155 -8.514480113983154 152
1740302711277 -8.514480113983154 153
1740302711397 -8.514480113983154 154
1740302712446 -8.514480113983154 155
1740302713160 -8.514480113983154 156
1740302713290 -8.514480113983154 157
1740302713409 -8.514480113983154 158
1740302713529 -8.514480113983154 159
1740302713649 -8.514480113983154 160
1740302714550 -8.514480113983154 161
1740302714685 -8.514480113983154 162
1740302714814 -8.514480113983154 163
1740302714954 -8.514480113983154 164
1740302715095 -8.514480113983154 165
1740302716107 -8.514480113983154 166
1740302716258 -8.514480113983154 167
1740302716397 -8.514480113983154 168
1740302716527 -8.514480113983154 169
1740302716652 -8.514480113983154 170
1740302718571 -8.514480113983154 171
1740302718836 -8.514480113983154 172
1740302719143 -8.514480113983154 173
1740302719397 -8.514480113983154 174
1740302719776 -8.514480113983154 175
1740302723656 -8.514480113983154 176
1740302723925 -8.514480113983154 177
1740302724146 -8.514480113983154 178
1740302724298 -8.514480113983154 179
1740302724453 -8.514480113983154 180
1740302728216 -8.514480113983154 181
1740302728434 -8.514480113983154 182
1740302728584 -8.514480113983154 183
1740302728757 -8.514480113983154 184
1740302728950 -8.514480113983154 185
1740302732655 -8.514480113983154 186
1740302735152 -8.514480113983154 187
1740302735377 -8.514480113983154 188
1740302735588 -8.514480113983154 189
1740302735755 -8.514480113983154 190
1740302735969 -8.514480113983154 191
1740302739149 -8.514480113983154 192
1740302739408 -8.514480113983154 193
1740302739631 -8.514480113983154 194
1740302740005 -8.514480113983154 195
1740302740230 -8.514480113983154 196
1740302743612 -8.514480113983154 197
1740302743866 -8.514480113983154 198
1740302744002 -8.514480113983154 199
1740302744133 -8.514480113983154 200
1740302744280 -8.514480113983154 201
1740302747723 -8.514480113983154 202
1740302748043 -8.514480113983154 203
1740302748223 -8.514480113983154 204
1740302748419 -8.514480113983154 205
1740302748651 -8.514480113983154 206
1740302752148 -8.514480113983154 207
1740302752485 -8.514480113983154 208
1740302752714 -8.514480113983154 209
1740302752919 -8.514480113983154 210
1740302753127 -8.514480113983154 211
1740302757062 -8.514480113983154 212
1740302757520 -8.514480113983154 213
1740302757742 -8.514480113983154 214
1740302757987 -8.514480113983154 215
1740302758191 -8.514480113983154 216
1740302762414 -8.514480113983154 217
1740302765273 -8.514480113983154 218
1740302765556 -8.514480113983154 219
1740302765695 -8.514480113983154 220
1740302765816 -8.514480113983154 221
1740302765939 -8.514480113983154 222
1740302768979 -8.514480113983154 223
1740302769239 -8.514480113983154 224
1740302769369 -8.514480113983154 225
1740302769495 -8.514480113983154 226
1740302769614 -8.514480113983154 227
1740302772539 -8.514480113983154 228
1740302772762 -8.514480113983154 229
1740302772882 -8.514480113983154 230
1740302773024 -8.514480113983154 231
1740302773227 -8.514480113983154 232
1740302776217 -8.514480113983154 233
1740302776498 -8.514480113983154 234
1740302776654 -8.514480113983154 235
1740302776849 -8.514480113983154 236
1740302777019 -8.514480113983154 237
1740302780131 -8.514480113983154 238
1740302780381 -8.514480113983154 239
1740302780513 -8.514480113983154 240
