1740302700346 -0.01878798007965088 121
1740302700468 -0.01878798007965088 122
1740302700590 -0.01878798007965088 123
1740302702756 -0.01878798007965088 124
1740302703652 -0.01878798007965088 125
1740302703779 -0.01878798007965088 126
1740302703897 -0.01878798007965088 127
1740302704015 -0.01878798007965088 128
1740302704134 -0.01878798007965088 129
1740302704933 -0.01878798007965088 130
1740302705061 -0.01878798007965088 131
1740302705186 -0.01878798007965088 132
1740302705305 -0.01878798007965088 133
1740302705425 -0.01878798007965088 134
1740302706273 -0.01878798007965088 135
1740302706455 -0.01878798007965088 136
1740302706636 -0.01878798007965088 137
1740302706784 -0.01878798007965088 138
1740302706911 -0.01878798007965088 139
1740302707932 -0.01878798007965088 140
1740302708063 -0.01878798007965088 141
1740302708184 -0.01878798007965088 142
1740302708302 -0.01878798007965088 143
1740302708424 -0.01878798007965088 144
1740302709271 -0.01878798007965088 145
1740302709402 -0.01878798007965088 146
1740302709521 -0.01878798007965088 147
1740302709641 -0.01878798007965088 148
1740302709775 -0.01878798007965088 149
1740302710869 -0.01878798007965088 150
1740302711033 -0.01878798007965088 151
1740302711163 -0.01878798007965088 152
1740302711284 -0.01878798007965088 153
1740302711404 -0.01878798007965088 154
1740302712453 -0.01878798007965088 155
1740302713167 -0.01878798007965088 156
1740302713297 -0.01878798007965088 157
1740302713416 -0.01878798007965088 158
1740302713536 -0.01878798007965088 159
1740302713656 -0.01878798007965088 160
1740302714557 -0.01878798007965088 161
1740302714692 -0.01878798007965088 162
1740302714823 -0.01878798007965088 163
1740302714961 -0.01878798007965088 164
1740302715102 -0.01878798007965088 165
1740302716114 -0.01878798007965088 166
1740302716268 -0.01878798007965088 167
1740302716404 -0.01878798007965088 168
1740302716533 -0.01878798007965088 169
1740302716659 -0.01878798007965088 170
1740302718581 -0.01878798007965088 171
1740302718851 -0.01878798007965088 172
1740302719159 -0.01878798007965088 173
1740302719414 -0.01878798007965088 174
1740302719784 -0.01878798007965088 175
1740302723667 -0.01878798007965088 176
1740302723936 -0.01878798007965088 177
1740302724156 -0.01878798007965088 178
1740302724305 -0.01878798007965088 179
1740302724462 -0.01878798007965088 180
1740302728227 -0.01878798007965088 181
1740302728441 -0.01878798007965088 182
1740302728593 -0.01878798007965088 183
1740302728767 -0.01878798007965088 184
1740302728957 -0.01878798007965088 185
1740302732662 -0.01878798007965088 186
1740302735161 -0.01878798007965088 187
1740302735385 -0.01878798007965088 188
1740302735597 -0.01878798007965088 189
1740302735764 -0.01878798007965088 190
1740302735978 -0.01878798007965088 191
1740302739160 -0.01878798007965088 192
1740302739416 -0.01878798007965088 193
1740302739641 -0.01878798007965088 194
1740302740019 -0.01878798007965088 195
1740302740242 -0.01878798007965088 196
1740302743624 -0.01878798007965088 197
1740302743872 -0.01878798007965088 198
1740302744010 -0.01878798007965088 199
1740302744141 -0.01878798007965088 200
1740302744289 -0.01878798007965088 201
1740302747743 -0.01878798007965088 202
1740302748056 -0.01878798007965088 203
1740302748230 -0.01878798007965088 204
1740302748433 -0.01878798007965088 205
1740302748663 -0.01878798007965088 206
1740302752158 -0.01878798007965088 207
1740302752498 -0.01878798007965088 208
1740302752726 -0.01878798007965088 209
1740302752929 -0.01878798007965088 210
1740302753141 -0.01878798007965088 211
1740302757084 -0.01878798007965088 212
1740302757532 -0.01878798007965088 213
1740302757754 -0.01878798007965088 214
1740302757997 -0.01878798007965088 215
1740302758208 -0.01878798007965088 216
1740302762425 -0.01878798007965088 217
1740302765284 -0.01878798007965088 218
1740302765563 -0.01878798007965088 219
1740302765702 -0.01878798007965088 220
1740302765823 -0.01878798007965088 221
1740302765946 -0.01878798007965088 222
1740302768993 -0.01878798007965088 223
1740302769246 -0.01878798007965088 224
1740302769377 -0.01878798007965088 225
1740302769502 -0.01878798007965088 226
1740302769620 -0.01878798007965088 227
1740302772550 -0.01878798007965088 228
1740302772769 -0.01878798007965088 229
1740302772889 -0.01878798007965088 230
1740302773034 -0.01878798007965088 231
1740302773237 -0.01878798007965088 232
1740302776234 -0.01878798007965088 233
1740302776507 -0.01878798007965088 234
1740302776664 -0.01878798007965088 235
1740302776856 -0.01878798007965088 236
1740302777027 -0.01878798007965088 237
1740302780150 -0.01878798007965088 238
1740302780388 -0.01878798007965088 239
1740302780520 -0.01878798007965088 240
