1740302700332 0.0003 121
1740302700460 0.0003 122
1740302700581 0.0003 123
1740302702741 0.0003 124
1740302703643 0.0003 125
1740302703771 0.0003 126
1740302703889 0.0003 127
1740302704007 0.0003 128
1740302704125 0.0003 129
1740302704924 0.0003 130
1740302705047 0.0003 131
1740302705178 0.0003 132
1740302705297 0.0003 133
1740302705416 0.0003 134
1740302706264 0.0003 135
1740302706447 0.0003 136
1740302706627 0.0003 137
1740302706776 0.0003 138
1740302706899 0.0003 139
1740302707923 0.0003 140
1740302708055 0.0003 141
1740302708175 0.0003 142
1740302708293 0.0003 143
1740302708416 0.0003 144
1740302709262 0.0003 145
1740302709393 0.0003 146
1740302709512 0.0003 147
1740302709632 0.0003 148
1740302709765 0.0003 149
1740302710860 0.0003 150
1740302711024 0.0003 151
1740302711153 0.0003 152
1740302711276 0.0003 153
1740302711396 0.0003 154
1740302712444 0.0003 155
1740302713159 0.0003 156
1740302713288 0.0003 157
1740302713408 0.0003 158
1740302713528 0.0003 159
1740302713648 0.0003 160
1740302714549 0.0003 161
1740302714683 0.0003 162
1740302714812 0.0003 163
1740302714953 0.0003 164
1740302715093 0.0003 165
1740302716105 0.0003 166
1740302716256 0.0003 167
1740302716395 0.0003 168
1740302716525 0.0003 169
1740302716650 0.0003 170
1740302718563 0.0003 171
1740302718835 0.0003 172
1740302719140 0.0003 173
1740302719394 0.0003 174
1740302719774 0.0003 175
1740302723646 0.0003 176
1740302723923 0.0003 177
1740302724143 0.0003 178
1740302724296 0.0003 179
1740302724451 0.0003 180
1740302728209 0.0003 181
1740302728432 0.0003 182
1740302728582 0.0003 183
1740302728756 0.0003 184
1740302728949 0.0003 185
1740302732648 0.0003 186
1740302735143 0.0003 187
1740302735376 0.0003 188
1740302735586 0.0003 189
1740302735753 0.0003 190
1740302735967 0.0003 191
1740302739140 0.0003 192
1740302739406 0.0003 193
1740302739628 0.0003 194
1740302740002 0.0003 195
1740302740229 0.0003 196
1740302743600 0.0003 197
1740302743864 0.0003 198
1740302744001 0.0003 199
1740302744131 0.0003 200
1740302744278 0.0003 201
1740302747714 0.0003 202
1740302748040 0.0003 203
1740302748221 0.0003 204
1740302748416 0.0003 205
1740302748648 0.0003 206
1740302752139 0.0003 207
1740302752483 0.0003 208
1740302752711 0.0003 209
1740302752917 0.0003 210
1740302753124 0.0003 211
1740302757034 0.0003 212
1740302757518 0.0003 213
1740302757740 0.0003 214
1740302757985 0.0003 215
1740302758189 0.0003 216
1740302762407 0.0003 217
1740302765263 0.0003 218
1740302765554 0.0003 219
1740302765693 0.0003 220
1740302765814 0.0003 221
1740302765937 0.0003 222
1740302768971 0.0003 223
1740302769237 0.0003 224
1740302769367 0.0003 225
1740302769493 0.0003 226
1740302769612 0.0003 227
1740302772533 0.0003 228
1740302772761 0.0003 229
1740302772881 0.0003 230
1740302773021 0.0003 231
1740302773225 0.0003 232
1740302776209 0.0003 233
1740302776496 0.0003 234
1740302776652 0.0003 235
1740302776847 0.0003 236
1740302777018 0.0003 237
1740302780122 0.0003 238
1740302780379 0.0003 239
1740302780511 0.0003 240
