1740302700345 0.6638748645782471 121
1740302700467 0.6638748645782471 122
1740302700589 0.6638748645782471 123
1740302702754 0.6638748645782471 124
1740302703651 0.6638748645782471 125
1740302703778 0.6638748645782471 126
1740302703896 0.6638748645782471 127
1740302704014 0.6638748645782471 128
1740302704132 0.6638748645782471 129
1740302704931 0.6638748645782471 130
1740302705059 0.6638748645782471 131
1740302705185 0.6638748645782471 132
1740302705304 0.6638748645782471 133
1740302705423 0.6638748645782471 134
1740302706272 0.6638748645782471 135
1740302706454 0.6638748645782471 136
1740302706635 0.6638748645782471 137
1740302706783 0.6638748645782471 138
1740302706910 0.6638748645782471 139
1740302707931 0.6638748645782471 140
1740302708062 0.6638748645782471 141
1740302708182 0.6638748645782471 142
1740302708301 0.6638748645782471 143
1740302708423 0.6638748645782471 144
1740302709270 0.6638748645782471 145
1740302709401 0.6638748645782471 146
1740302709520 0.6638748645782471 147
1740302709640 0.6638748645782471 148
1740302709774 0.6638748645782471 149
1740302710868 0.6638748645782471 150
1740302711032 0.6638748645782471 151
1740302711161 0.6638748645782471 152
1740302711283 0.6638748645782471 153
1740302711403 0.6638748645782471 154
1740302712452 0.6638748645782471 155
1740302713166 0.6638748645782471 156
1740302713296 0.6638748645782471 157
1740302713415 0.6638748645782471 158
1740302713535 0.6638748645782471 159
1740302713655 0.6638748645782471 160
1740302714556 0.6638748645782471 161
1740302714691 0.6638748645782471 162
1740302714821 0.6638748645782471 163
1740302714960 0.6638748645782471 164
1740302715101 0.6638748645782471 165
1740302716113 0.6638748645782471 166
1740302716267 0.6638748645782471 167
1740302716403 0.6638748645782471 168
1740302716532 0.6638748645782471 169
1740302716658 0.6638748645782471 170
1740302718580 0.6638748645782471 171
1740302718849 0.6638748645782471 172
1740302719157 0.6638748645782471 173
1740302719410 0.6638748645782471 174
1740302719783 0.6638748645782471 175
1740302723666 0.6638748645782471 176
1740302723934 0.6638748645782471 177
1740302724154 0.6638748645782471 178
1740302724304 0.6638748645782471 179
1740302724461 0.6638748645782471 180
1740302728225 0.6638748645782471 181
1740302728440 0.6638748645782471 182
1740302728591 0.6638748645782471 183
1740302728765 0.6638748645782471 184
1740302728956 0.6638748645782471 185
1740302732661 0.6638748645782471 186
1740302735160 0.6638748645782471 187
1740302735383 0.6638748645782471 188
1740302735596 0.6638748645782471 189
1740302735762 0.6638748645782471 190
1740302735977 0.6638748645782471 191
1740302739159 0.6638748645782471 192
1740302739415 0.6638748645782471 193
1740302739640 0.6638748645782471 194
1740302740018 0.6638748645782471 195
1740302740240 0.6638748645782471 196
1740302743622 0.6638748645782471 197
1740302743871 0.6638748645782471 198
1740302744008 0.6638748645782471 199
1740302744140 0.6638748645782471 200
1740302744287 0.6638748645782471 201
1740302747740 0.6638748645782471 202
1740302748054 0.6638748645782471 203
1740302748229 0.6638748645782471 204
1740302748431 0.6638748645782471 205
1740302748660 0.6638748645782471 206
1740302752156 0.6638748645782471 207
1740302752496 0.6638748645782471 208
1740302752725 0.6638748645782471 209
1740302752928 0.6638748645782471 210
1740302753138 0.6638748645782471 211
1740302757081 0.6638748645782471 212
1740302757530 0.6638748645782471 213
1740302757752 0.6638748645782471 214
1740302757995 0.6638748645782471 215
1740302758205 0.6638748645782471 216
1740302762423 0.6638748645782471 217
1740302765282 0.6638748645782471 218
1740302765562 0.6638748645782471 219
1740302765701 0.6638748645782471 220
1740302765822 0.6638748645782471 221
1740302765945 0.6638748645782471 222
1740302768991 0.6638748645782471 223
1740302769245 0.6638748645782471 224
1740302769376 0.6638748645782471 225
1740302769501 0.6638748645782471 226
1740302769619 0.6638748645782471 227
1740302772548 0.6638748645782471 228
1740302772768 0.6638748645782471 229
1740302772888 0.6638748645782471 230
1740302773032 0.6638748645782471 231
1740302773235 0.6638748645782471 232
1740302776231 0.6638748645782471 233
1740302776506 0.6638748645782471 234
1740302776662 0.6638748645782471 235
1740302776855 0.6638748645782471 236
1740302777026 0.6638748645782471 237
1740302780147 0.6638748645782471 238
1740302780387 0.6638748645782471 239
1740302780519 0.6638748645782471 240
