1740302700348 1.0 121
1740302700471 1.0 122
1740302700592 1.0 123
1740302702759 1.0 124
1740302703654 1.0 125
1740302703781 1.0 126
1740302703899 1.0 127
1740302704017 1.0 128
1740302704136 1.0 129
1740302704935 1.0 130
1740302705066 1.0 131
1740302705188 1.0 132
1740302705307 1.0 133
1740302705427 1.0 134
1740302706275 1.0 135
1740302706458 1.0 136
1740302706639 1.0 137
1740302706786 1.0 138
1740302706913 1.0 139
1740302707934 1.0 140
1740302708065 1.0 141
1740302708186 1.0 142
1740302708304 1.0 143
1740302708427 1.0 144
1740302709273 1.0 145
1740302709404 1.0 146
1740302709523 1.0 147
1740302709643 1.0 148
1740302709778 1.0 149
1740302710871 1.0 150
1740302711035 1.0 151
1740302711165 1.0 152
1740302711286 1.0 153
1740302711406 1.0 154
1740302712455 1.0 155
1740302713169 1.0 156
1740302713299 1.0 157
1740302713418 1.0 158
1740302713538 1.0 159
1740302713658 1.0 160
1740302714559 1.0 161
1740302714694 1.0 162
1740302714826 1.0 163
1740302714963 1.0 164
1740302715104 1.0 165
1740302716117 1.0 166
1740302716272 1.0 167
1740302716406 1.0 168
1740302716536 1.0 169
1740302716661 1.0 170
1740302718585 1.0 171
1740302718857 1.0 172
1740302719165 1.0 173
1740302719420 1.0 174
1740302719787 1.0 175
1740302723670 1.0 176
1740302723940 1.0 177
1740302724160 1.0 178
1740302724307 1.0 179
1740302724464 1.0 180
1740302728230 1.0 181
1740302728443 1.0 182
1740302728595 1.0 183
1740302728769 1.0 184
1740302728960 1.0 185
1740302732665 1.0 186
1740302735164 1.0 187
1740302735387 1.0 188
1740302735601 1.0 189
1740302735766 1.0 190
1740302735980 1.0 191
1740302739165 1.0 192
1740302739418 1.0 193
1740302739644 1.0 194
1740302740023 1.0 195
1740302740246 1.0 196
1740302743627 1.0 197
1740302743875 1.0 198
1740302744012 1.0 199
1740302744144 1.0 200
1740302744292 1.0 201
1740302747748 1.0 202
1740302748060 1.0 203
1740302748232 1.0 204
1740302748436 1.0 205
1740302748669 1.0 206
1740302752160 1.0 207
1740302752501 1.0 208
1740302752730 1.0 209
1740302752932 1.0 210
1740302753146 1.0 211
1740302757089 1.0 212
1740302757536 1.0 213
1740302757758 1.0 214
1740302758001 1.0 215
1740302758213 1.0 216
1740302762428 1.0 217
1740302765288 1.0 218
1740302765566 1.0 219
1740302765704 1.0 220
1740302765825 1.0 221
1740302765949 1.0 222
1740302768998 1.0 223
1740302769248 1.0 224
1740302769379 1.0 225
1740302769504 1.0 226
1740302769623 1.0 227
1740302772554 1.0 228
1740302772771 1.0 229
1740302772891 1.0 230
1740302773037 1.0 231
1740302773239 1.0 232
1740302776238 1.0 233
1740302776510 1.0 234
1740302776668 1.0 235
1740302776858 1.0 236
1740302777029 1.0 237
1740302780156 1.0 238
1740302780390 1.0 239
1740302780522 1.0 240
