1740302700340 0.0008373081218451262 121
1740302700463 0.0008373081218451262 122
1740302700584 0.0008373081218451262 123
1740302702748 0.0008373081218451262 124
1740302703646 0.0008373081218451262 125
1740302703774 0.0008373081218451262 126
1740302703892 0.0008373081218451262 127
1740302704010 0.0008373081218451262 128
1740302704128 0.0008373081218451262 129
1740302704927 0.0008373081218451262 130
1740302705052 0.0008373081218451262 131
1740302705180 0.0008373081218451262 132
1740302705300 0.0008373081218451262 133
1740302705419 0.0008373081218451262 134
1740302706267 0.0008373081218451262 135
1740302706450 0.0008373081218451262 136
1740302706630 0.0008373081218451262 137
1740302706778 0.0008373081218451262 138
1740302706902 0.0008373081218451262 139
1740302707926 0.0008373081218451262 140
1740302708057 0.0008373081218451262 141
1740302708178 0.0008373081218451262 142
1740302708296 0.0008373081218451262 143
1740302708418 0.0008373081218451262 144
1740302709265 0.0008373081218451262 145
1740302709396 0.0008373081218451262 146
1740302709515 0.0008373081218451262 147
1740302709635 0.0008373081218451262 148
1740302709768 0.0008373081218451262 149
1740302710863 0.0008373081218451262 150
1740302711027 0.0008373081218451262 151
1740302711156 0.0008373081218451262 152
1740302711278 0.0008373081218451262 153
1740302711399 0.0008373081218451262 154
1740302712447 0.0008373081218451262 155
1740302713162 0.0008373081218451262 156
1740302713291 0.0008373081218451262 157
1740302713410 0.0008373081218451262 158
1740302713530 0.0008373081218451262 159
1740302713651 0.0008373081218451262 160
1740302714552 0.0008373081218451262 161
1740302714686 0.0008373081218451262 162
1740302714816 0.0008373081218451262 163
1740302714955 0.0008373081218451262 164
1740302715096 0.0008373081218451262 165
1740302716108 0.0008373081218451262 166
1740302716260 0.0008373081218451262 167
1740302716398 0.0008373081218451262 168
1740302716528 0.0008373081218451262 169
1740302716653 0.0008373081218451262 170
1740302718574 0.0008373081218451262 171
1740302718838 0.0008373081218451262 172
1740302719146 0.0008373081218451262 173
1740302719399 0.0008373081218451262 174
1740302719778 0.0008373081218451262 175
1740302723659 0.0008373081218451262 176
1740302723927 0.0008373081218451262 177
1740302724148 0.0008373081218451262 178
1740302724299 0.0008373081218451262 179
1740302724455 0.0008373081218451262 180
1740302728218 0.0008373081218451262 181
1740302728435 0.0008373081218451262 182
1740302728585 0.0008373081218451262 183
1740302728759 0.0008373081218451262 184
1740302728952 0.0008373081218451262 185
1740302732656 0.0008373081218451262 186
1740302735155 0.0008373081218451262 187
1740302735378 0.0008373081218451262 188
1740302735589 0.0008373081218451262 189
1740302735756 0.0008373081218451262 190
1740302735971 0.0008373081218451262 191
1740302739152 0.0008373081218451262 192
1740302739409 0.0008373081218451262 193
1740302739633 0.0008373081218451262 194
1740302740008 0.0008373081218451262 195
1740302740232 0.0008373081218451262 196
1740302743615 0.0008373081218451262 197
1740302743867 0.0008373081218451262 198
1740302744004 0.0008373081218451262 199
1740302744134 0.0008373081218451262 200
1740302744281 0.0008373081218451262 201
1740302747728 0.0008373081218451262 202
1740302748046 0.0008373081218451262 203
1740302748224 0.0008373081218451262 204
1740302748422 0.0008373081218451262 205
1740302748653 0.0008373081218451262 206
1740302752150 0.0008373081218451262 207
1740302752487 0.0008373081218451262 208
1740302752717 0.0008373081218451262 209
1740302752921 0.0008373081218451262 210
1740302753129 0.0008373081218451262 211
1740302757068 0.0008373081218451262 212
1740302757522 0.0008373081218451262 213
1740302757744 0.0008373081218451262 214
1740302757988 0.0008373081218451262 215
1740302758194 0.0008373081218451262 216
1740302762416 0.0008373081218451262 217
1740302765275 0.0008373081218451262 218
1740302765557 0.0008373081218451262 219
1740302765696 0.0008373081218451262 220
1740302765817 0.0008373081218451262 221
1740302765941 0.0008373081218451262 222
1740302768982 0.0008373081218451262 223
1740302769240 0.0008373081218451262 224
1740302769370 0.0008373081218451262 225
1740302769496 0.0008373081218451262 226
1740302769615 0.0008373081218451262 227
1740302772541 0.0008373081218451262 228
1740302772764 0.0008373081218451262 229
1740302772883 0.0008373081218451262 230
1740302773026 0.0008373081218451262 231
1740302773229 0.0008373081218451262 232
1740302776221 0.0008373081218451262 233
1740302776500 0.0008373081218451262 234
1740302776656 0.0008373081218451262 235
1740302776850 0.0008373081218451262 236
1740302777020 0.0008373081218451262 237
1740302780135 0.0008373081218451262 238
1740302780382 0.0008373081218451262 239
1740302780514 0.0008373081218451262 240
