1740302700347 1.0003077983856201 121
1740302700470 1.0003077983856201 122
1740302700591 1.0003077983856201 123
1740302702757 1.0003077983856201 124
1740302703653 1.0003077983856201 125
1740302703780 1.0003077983856201 126
1740302703898 1.0003077983856201 127
1740302704016 1.0003077983856201 128
1740302704135 1.0003077983856201 129
1740302704934 1.0003077983856201 130
1740302705064 1.0003077983856201 131
1740302705187 1.0003077983856201 132
1740302705306 1.0003077983856201 133
1740302705426 1.0003077983856201 134
1740302706274 1.0003077983856201 135
1740302706456 1.0003077983856201 136
1740302706637 1.0003077983856201 137
1740302706785 1.0003077983856201 138
1740302706912 1.0003077983856201 139
1740302707933 1.0003077983856201 140
1740302708064 1.0003077983856201 141
1740302708185 1.0003077983856201 142
1740302708303 1.0003077983856201 143
1740302708425 1.0003077983856201 144
1740302709272 1.0003077983856201 145
1740302709403 1.0003077983856201 146
1740302709522 1.0003077983856201 147
1740302709642 1.0003077983856201 148
1740302709776 1.0003077983856201 149
1740302710870 1.0003077983856201 150
1740302711034 1.0003077983856201 151
1740302711164 1.0003077983856201 152
1740302711285 1.0003077983856201 153
1740302711405 1.0003077983856201 154
1740302712454 1.0003077983856201 155
1740302713168 1.0003077983856201 156
1740302713298 1.0003077983856201 157
1740302713417 1.0003077983856201 158
1740302713537 1.0003077983856201 159
1740302713657 1.0003077983856201 160
1740302714558 1.0003077983856201 161
1740302714693 1.0003077983856201 162
1740302714824 1.0003077983856201 163
1740302714962 1.0003077983856201 164
1740302715103 1.0003077983856201 165
1740302716115 1.0003077983856201 166
1740302716270 1.0003077983856201 167
1740302716405 1.0003077983856201 168
1740302716535 1.0003077983856201 169
1740302716660 1.0003077983856201 170
1740302718583 1.0003077983856201 171
1740302718854 1.0003077983856201 172
1740302719163 1.0003077983856201 173
1740302719416 1.0003077983856201 174
1740302719785 1.0003077983856201 175
1740302723669 1.0003077983856201 176
1740302723938 1.0003077983856201 177
1740302724158 1.0003077983856201 178
1740302724306 1.0003077983856201 179
1740302724463 1.0003077983856201 180
1740302728229 1.0003077983856201 181
1740302728442 1.0003077983856201 182
1740302728594 1.0003077983856201 183
1740302728768 1.0003077983856201 184
1740302728958 1.0003077983856201 185
1740302732664 1.0003077983856201 186
1740302735162 1.0003077983856201 187
1740302735386 1.0003077983856201 188
1740302735599 1.0003077983856201 189
1740302735765 1.0003077983856201 190
1740302735979 1.0003077983856201 191
1740302739162 1.0003077983856201 192
1740302739417 1.0003077983856201 193
1740302739642 1.0003077983856201 194
1740302740021 1.0003077983856201 195
1740302740244 1.0003077983856201 196
1740302743626 1.0003077983856201 197
1740302743874 1.0003077983856201 198
1740302744011 1.0003077983856201 199
1740302744143 1.0003077983856201 200
1740302744291 1.0003077983856201 201
1740302747746 1.0003077983856201 202
1740302748058 1.0003077983856201 203
1740302748231 1.0003077983856201 204
1740302748435 1.0003077983856201 205
1740302748665 1.0003077983856201 206
1740302752159 1.0003077983856201 207
1740302752500 1.0003077983856201 208
1740302752728 1.0003077983856201 209
1740302752931 1.0003077983856201 210
1740302753144 1.0003077983856201 211
1740302757087 1.0003077983856201 212
1740302757534 1.0003077983856201 213
1740302757756 1.0003077983856201 214
1740302757999 1.0003077983856201 215
1740302758211 1.0003077983856201 216
1740302762426 1.0003077983856201 217
1740302765286 1.0003077983856201 218
1740302765565 1.0003077983856201 219
1740302765703 1.0003077983856201 220
1740302765824 1.0003077983856201 221
1740302765948 1.0003077983856201 222
1740302768995 1.0003077983856201 223
1740302769247 1.0003077983856201 224
1740302769378 1.0003077983856201 225
1740302769503 1.0003077983856201 226
1740302769622 1.0003077983856201 227
1740302772552 1.0003077983856201 228
1740302772770 1.0003077983856201 229
1740302772890 1.0003077983856201 230
1740302773036 1.0003077983856201 231
1740302773238 1.0003077983856201 232
1740302776236 1.0003077983856201 233
1740302776508 1.0003077983856201 234
1740302776666 1.0003077983856201 235
1740302776857 1.0003077983856201 236
1740302777028 1.0003077983856201 237
1740302780153 1.0003077983856201 238
1740302780389 1.0003077983856201 239
1740302780521 1.0003077983856201 240
