1740302700341 3.099210888147354 121
1740302700464 3.099210888147354 122
1740302700585 3.099210888147354 123
1740302702750 3.099210888147354 124
1740302703647 3.099210888147354 125
1740302703775 3.099210888147354 126
1740302703893 3.099210888147354 127
1740302704011 3.099210888147354 128
1740302704129 3.099210888147354 129
1740302704928 3.099210888147354 130
1740302705054 3.099210888147354 131
1740302705181 3.099210888147354 132
1740302705301 3.099210888147354 133
1740302705420 3.099210888147354 134
1740302706268 3.099210888147354 135
1740302706451 3.099210888147354 136
1740302706631 3.099210888147354 137
1740302706780 3.099210888147354 138
1740302706906 3.099210888147354 139
1740302707927 3.099210888147354 140
1740302708059 3.099210888147354 141
1740302708179 3.099210888147354 142
1740302708297 3.099210888147354 143
1740302708420 3.099210888147354 144
1740302709266 3.099210888147354 145
1740302709397 3.099210888147354 146
1740302709516 3.099210888147354 147
1740302709637 3.099210888147354 148
1740302709770 3.099210888147354 149
1740302710864 3.099210888147354 150
1740302711028 3.099210888147354 151
1740302711158 3.099210888147354 152
1740302711279 3.099210888147354 153
1740302711400 3.099210888147354 154
1740302712448 3.099210888147354 155
1740302713163 3.099210888147354 156
1740302713292 3.099210888147354 157
1740302713411 3.099210888147354 158
1740302713532 3.099210888147354 159
1740302713652 3.099210888147354 160
1740302714553 3.099210888147354 161
1740302714687 3.099210888147354 162
1740302714817 3.099210888147354 163
1740302714957 3.099210888147354 164
1740302715097 3.099210888147354 165
1740302716109 3.099210888147354 166
1740302716262 3.099210888147354 167
1740302716399 3.099210888147354 168
1740302716529 3.099210888147354 169
1740302716654 3.099210888147354 170
1740302718575 3.099210888147354 171
1740302718841 3.099210888147354 172
1740302719148 3.099210888147354 173
1740302719402 3.099210888147354 174
1740302719779 3.099210888147354 175
1740302723661 3.099210888147354 176
1740302723929 3.099210888147354 177
1740302724149 3.099210888147354 178
1740302724300 3.099210888147354 179
1740302724456 3.099210888147354 180
1740302728220 3.099210888147354 181
1740302728436 3.099210888147354 182
1740302728587 3.099210888147354 183
1740302728760 3.099210888147354 184
1740302728953 3.099210888147354 185
1740302732658 3.099210888147354 186
1740302735156 3.099210888147354 187
1740302735380 3.099210888147354 188
1740302735591 3.099210888147354 189
1740302735758 3.099210888147354 190
1740302735973 3.099210888147354 191
1740302739154 3.099210888147354 192
1740302739411 3.099210888147354 193
1740302739635 3.099210888147354 194
1740302740011 3.099210888147354 195
1740302740233 3.099210888147354 196
1740302743617 3.099210888147354 197
1740302743868 3.099210888147354 198
1740302744005 3.099210888147354 199
1740302744136 3.099210888147354 200
1740302744282 3.099210888147354 201
1740302747730 3.099210888147354 202
1740302748049 3.099210888147354 203
1740302748226 3.099210888147354 204
1740302748425 3.099210888147354 205
1740302748654 3.099210888147354 206
1740302752152 3.099210888147354 207
1740302752490 3.099210888147354 208
1740302752719 3.099210888147354 209
1740302752924 3.099210888147354 210
1740302753132 3.099210888147354 211
1740302757072 3.099210888147354 212
1740302757524 3.099210888147354 213
1740302757746 3.099210888147354 214
1740302757990 3.099210888147354 215
1740302758197 3.099210888147354 216
1740302762418 3.099210888147354 217
1740302765277 3.099210888147354 218
1740302765558 3.099210888147354 219
1740302765697 3.099210888147354 220
1740302765818 3.099210888147354 221
1740302765942 3.099210888147354 222
1740302768984 3.099210888147354 223
1740302769241 3.099210888147354 224
1740302769372 3.099210888147354 225
1740302769497 3.099210888147354 226
1740302769616 3.099210888147354 227
1740302772543 3.099210888147354 228
1740302772765 3.099210888147354 229
1740302772884 3.099210888147354 230
1740302773027 3.099210888147354 231
1740302773230 3.099210888147354 232
1740302776223 3.099210888147354 233
1740302776501 3.099210888147354 234
1740302776657 3.099210888147354 235
1740302776851 3.099210888147354 236
1740302777022 3.099210888147354 237
1740302780137 3.099210888147354 238
1740302780383 3.099210888147354 239
1740302780515 3.099210888147354 240
