1740302209829 0.0006688698776997626 121
1740302210046 0.0006688698776997626 122
1740302210277 0.0006688698776997626 123
1740302213737 0.0006688698776997626 124
1740302215621 0.0006688698776997626 125
1740302215921 0.0006688698776997626 126
1740302216139 0.0006688698776997626 127
1740302216350 0.0006688698776997626 128
1740302216570 0.0006688698776997626 129
1740302218508 0.0006688698776997626 130
1740302218819 0.0006688698776997626 131
1740302219011 0.0006688698776997626 132
1740302219181 0.0006688698776997626 133
1740302219385 0.0006688698776997626 134
1740302221658 0.0006688698776997626 135
1740302221931 0.0006688698776997626 136
1740302222145 0.0006688698776997626 137
1740302222297 0.0006688698776997626 138
1740302222509 0.0006688698776997626 139
1740302225077 0.0006688698776997626 140
1740302225356 0.0006688698776997626 141
1740302225565 0.0006688698776997626 142
1740302225776 0.0006688698776997626 143
1740302225984 0.0006688698776997626 144
1740302229378 0.0006688698776997626 145
1740302229675 0.0006688698776997626 146
1740302229871 0.0006688698776997626 147
1740302230039 0.0006688698776997626 148
1740302230257 0.0006688698776997626 149
1740302234049 0.0006688698776997626 150
1740302234316 0.0006688698776997626 151
1740302234520 0.0006688698776997626 152
1740302234675 0.0006688698776997626 153
1740302234815 0.0006688698776997626 154
1740302238406 0.0006688698776997626 155
1740302241553 0.0006688698776997626 156
1740302241837 0.0006688698776997626 157
1740302242045 0.0006688698776997626 158
1740302242246 0.0006688698776997626 159
1740302242464 0.0006688698776997626 160
1740302245790 0.0006688698776997626 161
1740302246113 0.0006688698776997626 162
1740302246321 0.0006688698776997626 163
1740302246513 0.0006688698776997626 164
1740302246652 0.0006688698776997626 165
1740302249547 0.0006688698776997626 166
1740302249856 0.0006688698776997626 167
1740302250069 0.0006688698776997626 168
1740302250280 0.0006688698776997626 169
1740302250486 0.0006688698776997626 170
1740302254068 0.0006688698776997626 171
1740302254354 0.0006688698776997626 172
1740302254548 0.0006688698776997626 173
1740302254719 0.0006688698776997626 174
1740302254940 0.0006688698776997626 175
1740302258249 0.0006688698776997626 176
1740302258521 0.0006688698776997626 177
1740302258702 0.0006688698776997626 178
1740302258890 0.0006688698776997626 179
1740302259046 0.0006688698776997626 180
1740302262136 0.0006688698776997626 181
1740302262377 0.0006688698776997626 182
1740302262560 0.0006688698776997626 183
1740302262724 0.0006688698776997626 184
1740302263033 0.0006688698776997626 185
1740302265900 0.0006688698776997626 186
1740302268288 0.0006688698776997626 187
1740302268581 0.0006688698776997626 188
1740302268754 0.0006688698776997626 189
1740302268955 0.0006688698776997626 190
1740302269108 0.0006688698776997626 191
1740302271752 0.0006688698776997626 192
1740302272104 0.0006688698776997626 193
1740302272340 0.0006688698776997626 194
1740302272547 0.0006688698776997626 195
1740302272764 0.0006688698776997626 196
1740302276182 0.0006688698776997626 197
1740302276493 0.0006688698776997626 198
1740302276692 0.0006688698776997626 199
1740302276914 0.0006688698776997626 200
1740302277118 0.0006688698776997626 201
1740302280262 0.0006688698776997626 202
1740302280520 0.0006688698776997626 203
1740302280665 0.0006688698776997626 204
1740302280796 0.0006688698776997626 205
1740302280924 0.0006688698776997626 206
1740302283847 0.0006688698776997626 207
1740302284076 0.0006688698776997626 208
1740302284215 0.0006688698776997626 209
1740302284345 0.0006688698776997626 210
1740302284468 0.0006688698776997626 211
1740302286734 0.0006688698776997626 212
1740302286964 0.0006688698776997626 213
1740302287184 0.0006688698776997626 214
1740302287349 0.0006688698776997626 215
1740302287469 0.0006688698776997626 216
1740302290020 0.0006688698776997626 217
1740302291914 0.0006688698776997626 218
1740302292201 0.0006688698776997626 219
1740302292362 0.0006688698776997626 220
1740302292484 0.0006688698776997626 221
1740302292608 0.0006688698776997626 222
1740302294822 0.0006688698776997626 223
1740302295047 0.0006688698776997626 224
1740302295180 0.0006688698776997626 225
1740302295311 0.0006688698776997626 226
1740302295437 0.0006688698776997626 227
1740302297571 0.0006688698776997626 228
1740302297847 0.0006688698776997626 229
1740302297994 0.0006688698776997626 230
1740302298197 0.0006688698776997626 231
1740302298382 0.0006688698776997626 232
1740302301027 0.0006688698776997626 233
1740302301269 0.0006688698776997626 234
1740302301439 0.0006688698776997626 235
1740302301568 0.0006688698776997626 236
1740302301692 0.0006688698776997626 237
1740302304006 0.0006688698776997626 238
1740302304234 0.0006688698776997626 239
1740302304401 0.0006688698776997626 240
