1740302209842 0.2 121
1740302210057 0.2 122
1740302210291 0.2 123
1740302213748 0.2 124
1740302215634 0.2 125
1740302215934 0.2 126
1740302216152 0.2 127
1740302216360 0.2 128
1740302216581 0.2 129
1740302218518 0.2 130
1740302218829 0.2 131
1740302219022 0.2 132
1740302219190 0.2 133
1740302219396 0.2 134
1740302221670 0.2 135
1740302221939 0.2 136
1740302222153 0.2 137
1740302222309 0.2 138
1740302222519 0.2 139
1740302225086 0.2 140
1740302225363 0.2 141
1740302225576 0.2 142
1740302225787 0.2 143
1740302225997 0.2 144
1740302229394 0.2 145
1740302229682 0.2 146
1740302229881 0.2 147
1740302230051 0.2 148
1740302230268 0.2 149
1740302234065 0.2 150
1740302234324 0.2 151
1740302234528 0.2 152
1740302234688 0.2 153
1740302234823 0.2 154
1740302238419 0.2 155
1740302241563 0.2 156
1740302241849 0.2 157
1740302242054 0.2 158
1740302242257 0.2 159
1740302242475 0.2 160
1740302245806 0.2 161
1740302246123 0.2 162
1740302246329 0.2 163
1740302246520 0.2 164
1740302246662 0.2 165
1740302249558 0.2 166
1740302249867 0.2 167
1740302250082 0.2 168
1740302250291 0.2 169
1740302250498 0.2 170
1740302254080 0.2 171
1740302254361 0.2 172
1740302254555 0.2 173
1740302254730 0.2 174
1740302254950 0.2 175
1740302258258 0.2 176
1740302258530 0.2 177
1740302258713 0.2 178
1740302258897 0.2 179
1740302259056 0.2 180
1740302262150 0.2 181
1740302262388 0.2 182
1740302262567 0.2 183
1740302262733 0.2 184
1740302263047 0.2 185
1740302265908 0.2 186
1740302268300 0.2 187
1740302268591 0.2 188
1740302268765 0.2 189
1740302268964 0.2 190
1740302269115 0.2 191
1740302271765 0.2 192
1740302272122 0.2 193
1740302272350 0.2 194
1740302272556 0.2 195
1740302272778 0.2 196
1740302276202 0.2 197
1740302276504 0.2 198
1740302276701 0.2 199
1740302276924 0.2 200
1740302277126 0.2 201
1740302280274 0.2 202
1740302280527 0.2 203
1740302280672 0.2 204
1740302280804 0.2 205
1740302280934 0.2 206
1740302283856 0.2 207
1740302284083 0.2 208
1740302284223 0.2 209
1740302284353 0.2 210
1740302284476 0.2 211
1740302286741 0.2 212
1740302286973 0.2 213
1740302287194 0.2 214
1740302287356 0.2 215
1740302287476 0.2 216
1740302290035 0.2 217
1740302291923 0.2 218
1740302292208 0.2 219
1740302292369 0.2 220
1740302292491 0.2 221
1740302292615 0.2 222
1740302294830 0.2 223
1740302295054 0.2 224
1740302295189 0.2 225
1740302295320 0.2 226
1740302295444 0.2 227
1740302297578 0.2 228
1740302297857 0.2 229
1740302298004 0.2 230
1740302298206 0.2 231
1740302298395 0.2 232
1740302301035 0.2 233
1740302301276 0.2 234
1740302301446 0.2 235
1740302301575 0.2 236
1740302301700 0.2 237
1740302304013 0.2 238
1740302304242 0.2 239
1740302304411 0.2 240
