1740302209831 0.0 121
1740302210047 0.0 122
1740302210279 0.0 123
1740302213739 0.0 124
1740302215624 0.0 125
1740302215923 0.0 126
1740302216141 0.0 127
1740302216352 0.0 128
1740302216572 0.0 129
1740302218510 0.0 130
1740302218821 0.0 131
1740302219013 0.0 132
1740302219183 0.0 133
1740302219386 0.0 134
1740302221660 0.0 135
1740302221932 0.0 136
1740302222146 0.0 137
1740302222299 0.0 138
1740302222511 0.0 139
1740302225079 0.0 140
1740302225357 0.0 141
1740302225567 0.0 142
1740302225778 0.0 143
1740302225987 0.0 144
1740302229381 0.0 145
1740302229677 0.0 146
1740302229873 0.0 147
1740302230042 0.0 148
1740302230259 0.0 149
1740302234052 0.0 150
1740302234317 0.0 151
1740302234521 0.0 152
1740302234677 0.0 153
1740302234817 0.0 154
1740302238409 0.0 155
1740302241555 0.0 156
1740302241839 0.0 157
1740302242047 0.0 158
1740302242248 0.0 159
1740302242466 0.0 160
1740302245793 0.0 161
1740302246115 0.0 162
1740302246322 0.0 163
1740302246514 0.0 164
1740302246654 0.0 165
1740302249549 0.0 166
1740302249858 0.0 167
1740302250071 0.0 168
1740302250281 0.0 169
1740302250488 0.0 170
1740302254070 0.0 171
1740302254355 0.0 172
1740302254549 0.0 173
1740302254721 0.0 174
1740302254941 0.0 175
1740302258250 0.0 176
1740302258523 0.0 177
1740302258703 0.0 178
1740302258891 0.0 179
1740302259048 0.0 180
1740302262139 0.0 181
1740302262379 0.0 182
1740302262561 0.0 183
1740302262726 0.0 184
1740302263036 0.0 185
1740302265902 0.0 186
1740302268290 0.0 187
1740302268583 0.0 188
1740302268755 0.0 189
1740302268956 0.0 190
1740302269109 0.0 191
1740302271754 0.0 192
1740302272106 0.0 193
1740302272342 0.0 194
1740302272548 0.0 195
1740302272767 0.0 196
1740302276186 0.0 197
1740302276495 0.0 198
1740302276694 0.0 199
1740302276916 0.0 200
1740302277119 0.0 201
1740302280263 0.0 202
1740302280521 0.0 203
1740302280667 0.0 204
1740302280798 0.0 205
1740302280926 0.0 206
1740302283848 0.0 207
1740302284077 0.0 208
1740302284216 0.0 209
1740302284346 0.0 210
1740302284469 0.0 211
1740302286735 0.0 212
1740302286965 0.0 213
1740302287186 0.0 214
1740302287350 0.0 215
1740302287470 0.0 216
1740302290023 0.0 217
1740302291916 0.0 218
1740302292202 0.0 219
1740302292363 0.0 220
1740302292485 0.0 221
1740302292609 0.0 222
1740302294823 0.0 223
1740302295048 0.0 224
1740302295181 0.0 225
1740302295313 0.0 226
1740302295438 0.0 227
1740302297572 0.0 228
1740302297848 0.0 229
1740302297996 0.0 230
1740302298198 0.0 231
1740302298384 0.0 232
1740302301029 0.0 233
1740302301270 0.0 234
1740302301440 0.0 235
1740302301569 0.0 236
1740302301694 0.0 237
1740302304007 0.0 238
1740302304235 0.0 239
1740302304403 0.0 240
