1740302209822 -8.514480113983154 121
1740302210040 -8.514480113983154 122
1740302210267 -8.514480113983154 123
1740302213732 -8.514480113983154 124
1740302215612 -8.514480113983154 125
1740302215916 -8.514480113983154 126
1740302216132 -8.514480113983154 127
1740302216343 -8.514480113983154 128
1740302216564 -8.514480113983154 129
1740302218501 -8.514480113983154 130
1740302218814 -8.514480113983154 131
1740302219006 -8.514480113983154 132
1740302219174 -8.514480113983154 133
1740302219379 -8.514480113983154 134
1740302221651 -8.514480113983154 135
1740302221926 -8.514480113983154 136
1740302222139 -8.514480113983154 137
1740302222291 -8.514480113983154 138
1740302222502 -8.514480113983154 139
1740302225071 -8.514480113983154 140
1740302225352 -8.514480113983154 141
1740302225560 -8.514480113983154 142
1740302225771 -8.514480113983154 143
1740302225979 -8.514480113983154 144
1740302229370 -8.514480113983154 145
1740302229672 -8.514480113983154 146
1740302229866 -8.514480113983154 147
1740302230032 -8.514480113983154 148
1740302230252 -8.514480113983154 149
1740302234038 -8.514480113983154 150
1740302234310 -8.514480113983154 151
1740302234516 -8.514480113983154 152
1740302234669 -8.514480113983154 153
1740302234811 -8.514480113983154 154
1740302238400 -8.514480113983154 155
1740302241547 -8.514480113983154 156
1740302241832 -8.514480113983154 157
1740302242041 -8.514480113983154 158
1740302242240 -8.514480113983154 159
1740302242458 -8.514480113983154 160
1740302245782 -8.514480113983154 161
1740302246107 -8.514480113983154 162
1740302246316 -8.514480113983154 163
1740302246509 -8.514480113983154 164
1740302246647 -8.514480113983154 165
1740302249540 -8.514480113983154 166
1740302249851 -8.514480113983154 167
1740302250061 -8.514480113983154 168
1740302250274 -8.514480113983154 169
1740302250481 -8.514480113983154 170
1740302254060 -8.514480113983154 171
1740302254350 -8.514480113983154 172
1740302254544 -8.514480113983154 173
1740302254712 -8.514480113983154 174
1740302254932 -8.514480113983154 175
1740302258242 -8.514480113983154 176
1740302258517 -8.514480113983154 177
1740302258697 -8.514480113983154 178
1740302258886 -8.514480113983154 179
1740302259041 -8.514480113983154 180
1740302262128 -8.514480113983154 181
1740302262372 -8.514480113983154 182
1740302262557 -8.514480113983154 183
1740302262720 -8.514480113983154 184
1740302263027 -8.514480113983154 185
1740302265897 -8.514480113983154 186
1740302268280 -8.514480113983154 187
1740302268576 -8.514480113983154 188
1740302268748 -8.514480113983154 189
1740302268949 -8.514480113983154 190
1740302269104 -8.514480113983154 191
1740302271744 -8.514480113983154 192
1740302272095 -8.514480113983154 193
1740302272332 -8.514480113983154 194
1740302272541 -8.514480113983154 195
1740302272756 -8.514480113983154 196
1740302276169 -8.514480113983154 197
1740302276488 -8.514480113983154 198
1740302276689 -8.514480113983154 199
1740302276910 -8.514480113983154 200
1740302277113 -8.514480113983154 201
1740302280254 -8.514480113983154 202
1740302280517 -8.514480113983154 203
1740302280662 -8.514480113983154 204
1740302280793 -8.514480113983154 205
1740302280919 -8.514480113983154 206
1740302283841 -8.514480113983154 207
1740302284072 -8.514480113983154 208
1740302284209 -8.514480113983154 209
1740302284341 -8.514480113983154 210
1740302284464 -8.514480113983154 211
1740302286728 -8.514480113983154 212
1740302286959 -8.514480113983154 213
1740302287179 -8.514480113983154 214
1740302287346 -8.514480113983154 215
1740302287465 -8.514480113983154 216
1740302290011 -8.514480113983154 217
1740302291909 -8.514480113983154 218
1740302292197 -8.514480113983154 219
1740302292358 -8.514480113983154 220
1740302292480 -8.514480113983154 221
1740302292605 -8.514480113983154 222
1740302294817 -8.514480113983154 223
1740302295043 -8.514480113983154 224
1740302295176 -8.514480113983154 225
1740302295308 -8.514480113983154 226
1740302295433 -8.514480113983154 227
1740302297566 -8.514480113983154 228
1740302297840 -8.514480113983154 229
1740302297989 -8.514480113983154 230
1740302298192 -8.514480113983154 231
1740302298377 -8.514480113983154 232
1740302301022 -8.514480113983154 233
1740302301265 -8.514480113983154 234
1740302301436 -8.514480113983154 235
1740302301564 -8.514480113983154 236
1740302301689 -8.514480113983154 237
1740302304000 -8.514480113983154 238
1740302304230 -8.514480113983154 239
1740302304396 -8.514480113983154 240
