1740302209835 -0.01878798007965088 121
1740302210050 -0.01878798007965088 122
1740302210284 -0.01878798007965088 123
1740302213743 -0.01878798007965088 124
1740302215628 -0.01878798007965088 125
1740302215927 -0.01878798007965088 126
1740302216145 -0.01878798007965088 127
1740302216356 -0.01878798007965088 128
1740302216575 -0.01878798007965088 129
1740302218513 -0.01878798007965088 130
1740302218824 -0.01878798007965088 131
1740302219016 -0.01878798007965088 132
1740302219186 -0.01878798007965088 133
1740302219390 -0.01878798007965088 134
1740302221664 -0.01878798007965088 135
1740302221935 -0.01878798007965088 136
1740302222149 -0.01878798007965088 137
1740302222303 -0.01878798007965088 138
1740302222514 -0.01878798007965088 139
1740302225082 -0.01878798007965088 140
1740302225359 -0.01878798007965088 141
1740302225571 -0.01878798007965088 142
1740302225781 -0.01878798007965088 143
1740302225991 -0.01878798007965088 144
1740302229386 -0.01878798007965088 145
1740302229679 -0.01878798007965088 146
1740302229876 -0.01878798007965088 147
1740302230046 -0.01878798007965088 148
1740302230263 -0.01878798007965088 149
1740302234057 -0.01878798007965088 150
1740302234319 -0.01878798007965088 151
1740302234523 -0.01878798007965088 152
1740302234681 -0.01878798007965088 153
1740302234820 -0.01878798007965088 154
1740302238413 -0.01878798007965088 155
1740302241558 -0.01878798007965088 156
1740302241843 -0.01878798007965088 157
1740302242050 -0.01878798007965088 158
1740302242252 -0.01878798007965088 159
1740302242469 -0.01878798007965088 160
1740302245798 -0.01878798007965088 161
1740302246118 -0.01878798007965088 162
1740302246325 -0.01878798007965088 163
1740302246517 -0.01878798007965088 164
1740302246657 -0.01878798007965088 165
1740302249553 -0.01878798007965088 166
1740302249861 -0.01878798007965088 167
1740302250076 -0.01878798007965088 168
1740302250285 -0.01878798007965088 169
1740302250492 -0.01878798007965088 170
1740302254074 -0.01878798007965088 171
1740302254357 -0.01878798007965088 172
1740302254551 -0.01878798007965088 173
1740302254725 -0.01878798007965088 174
1740302254944 -0.01878798007965088 175
1740302258254 -0.01878798007965088 176
1740302258526 -0.01878798007965088 177
1740302258708 -0.01878798007965088 178
1740302258893 -0.01878798007965088 179
1740302259051 -0.01878798007965088 180
1740302262144 -0.01878798007965088 181
1740302262383 -0.01878798007965088 182
1740302262564 -0.01878798007965088 183
1740302262729 -0.01878798007965088 184
1740302263041 -0.01878798007965088 185
1740302265905 -0.01878798007965088 186
1740302268294 -0.01878798007965088 187
1740302268586 -0.01878798007965088 188
1740302268759 -0.01878798007965088 189
1740302268959 -0.01878798007965088 190
1740302269112 -0.01878798007965088 191
1740302271758 -0.01878798007965088 192
1740302272112 -0.01878798007965088 193
1740302272346 -0.01878798007965088 194
1740302272551 -0.01878798007965088 195
1740302272773 -0.01878798007965088 196
1740302276193 -0.01878798007965088 197
1740302276499 -0.01878798007965088 198
1740302276696 -0.01878798007965088 199
1740302276919 -0.01878798007965088 200
1740302277122 -0.01878798007965088 201
1740302280268 -0.01878798007965088 202
1740302280524 -0.01878798007965088 203
1740302280669 -0.01878798007965088 204
1740302280800 -0.01878798007965088 205
1740302280929 -0.01878798007965088 206
1740302283851 -0.01878798007965088 207
1740302284080 -0.01878798007965088 208
1740302284219 -0.01878798007965088 209
1740302284348 -0.01878798007965088 210
1740302284472 -0.01878798007965088 211
1740302286738 -0.01878798007965088 212
1740302286968 -0.01878798007965088 213
1740302287189 -0.01878798007965088 214
1740302287353 -0.01878798007965088 215
1740302287472 -0.01878798007965088 216
1740302290027 -0.01878798007965088 217
1740302291919 -0.01878798007965088 218
1740302292205 -0.01878798007965088 219
1740302292365 -0.01878798007965088 220
1740302292488 -0.01878798007965088 221
1740302292612 -0.01878798007965088 222
1740302294826 -0.01878798007965088 223
1740302295051 -0.01878798007965088 224
1740302295184 -0.01878798007965088 225
1740302295315 -0.01878798007965088 226
1740302295440 -0.01878798007965088 227
1740302297575 -0.01878798007965088 228
1740302297853 -0.01878798007965088 229
1740302297999 -0.01878798007965088 230
1740302298201 -0.01878798007965088 231
1740302298389 -0.01878798007965088 232
1740302301032 -0.01878798007965088 233
1740302301272 -0.01878798007965088 234
1740302301443 -0.01878798007965088 235
1740302301571 -0.01878798007965088 236
1740302301697 -0.01878798007965088 237
1740302304009 -0.01878798007965088 238
1740302304237 -0.01878798007965088 239
1740302304406 -0.01878798007965088 240
