1740302209813 0.0003 121
1740302210037 0.0003 122
1740302210264 0.0003 123
1740302213724 0.0003 124
1740302215602 0.0003 125
1740302215914 0.0003 126
1740302216130 0.0003 127
1740302216341 0.0003 128
1740302216562 0.0003 129
1740302218492 0.0003 130
1740302218811 0.0003 131
1740302219004 0.0003 132
1740302219172 0.0003 133
1740302219377 0.0003 134
1740302221643 0.0003 135
1740302221924 0.0003 136
1740302222137 0.0003 137
1740302222289 0.0003 138
1740302222500 0.0003 139
1740302225063 0.0003 140
1740302225350 0.0003 141
1740302225558 0.0003 142
1740302225768 0.0003 143
1740302225977 0.0003 144
1740302229362 0.0003 145
1740302229670 0.0003 146
1740302229865 0.0003 147
1740302230030 0.0003 148
1740302230250 0.0003 149
1740302234028 0.0003 150
1740302234309 0.0003 151
1740302234515 0.0003 152
1740302234666 0.0003 153
1740302234805 0.0003 154
1740302238390 0.0003 155
1740302241539 0.0003 156
1740302241830 0.0003 157
1740302242039 0.0003 158
1740302242239 0.0003 159
1740302242456 0.0003 160
1740302245772 0.0003 161
1740302246105 0.0003 162
1740302246314 0.0003 163
1740302246508 0.0003 164
1740302246645 0.0003 165
1740302249531 0.0003 166
1740302249848 0.0003 167
1740302250059 0.0003 168
1740302250272 0.0003 169
1740302250479 0.0003 170
1740302254051 0.0003 171
1740302254348 0.0003 172
1740302254542 0.0003 173
1740302254710 0.0003 174
1740302254930 0.0003 175
1740302258233 0.0003 176
1740302258515 0.0003 177
1740302258695 0.0003 178
1740302258884 0.0003 179
1740302259040 0.0003 180
1740302262120 0.0003 181
1740302262369 0.0003 182
1740302262555 0.0003 183
1740302262718 0.0003 184
1740302263025 0.0003 185
1740302265888 0.0003 186
1740302268272 0.0003 187
1740302268573 0.0003 188
1740302268746 0.0003 189
1740302268947 0.0003 190
1740302269103 0.0003 191
1740302271734 0.0003 192
1740302272091 0.0003 193
1740302272330 0.0003 194
1740302272539 0.0003 195
1740302272753 0.0003 196
1740302276155 0.0003 197
1740302276486 0.0003 198
1740302276687 0.0003 199
1740302276908 0.0003 200
1740302277112 0.0003 201
1740302280246 0.0003 202
1740302280515 0.0003 203
1740302280660 0.0003 204
1740302280791 0.0003 205
1740302280917 0.0003 206
1740302283834 0.0003 207
1740302284070 0.0003 208
1740302284208 0.0003 209
1740302284339 0.0003 210
1740302284462 0.0003 211
1740302286719 0.0003 212
1740302286958 0.0003 213
1740302287177 0.0003 214
1740302287344 0.0003 215
1740302287464 0.0003 216
1740302290000 0.0003 217
1740302291902 0.0003 218
1740302292196 0.0003 219
1740302292356 0.0003 220
1740302292478 0.0003 221
1740302292603 0.0003 222
1740302294810 0.0003 223
1740302295042 0.0003 224
1740302295175 0.0003 225
1740302295306 0.0003 226
1740302295431 0.0003 227
1740302297560 0.0003 228
1740302297837 0.0003 229
1740302297987 0.0003 230
1740302298190 0.0003 231
1740302298375 0.0003 232
1740302301015 0.0003 233
1740302301263 0.0003 234
1740302301434 0.0003 235
1740302301562 0.0003 236
1740302301687 0.0003 237
1740302303993 0.0003 238
1740302304229 0.0003 239
1740302304394 0.0003 240
