1740302209833 0.6638748645782471 121
1740302210049 0.6638748645782471 122
1740302210281 0.6638748645782471 123
1740302213741 0.6638748645782471 124
1740302215626 0.6638748645782471 125
1740302215925 0.6638748645782471 126
1740302216143 0.6638748645782471 127
1740302216354 0.6638748645782471 128
1740302216574 0.6638748645782471 129
1740302218512 0.6638748645782471 130
1740302218823 0.6638748645782471 131
1740302219015 0.6638748645782471 132
1740302219184 0.6638748645782471 133
1740302219388 0.6638748645782471 134
1740302221662 0.6638748645782471 135
1740302221933 0.6638748645782471 136
1740302222148 0.6638748645782471 137
1740302222301 0.6638748645782471 138
1740302222513 0.6638748645782471 139
1740302225080 0.6638748645782471 140
1740302225358 0.6638748645782471 141
1740302225569 0.6638748645782471 142
1740302225779 0.6638748645782471 143
1740302225989 0.6638748645782471 144
1740302229384 0.6638748645782471 145
1740302229678 0.6638748645782471 146
1740302229875 0.6638748645782471 147
1740302230044 0.6638748645782471 148
1740302230261 0.6638748645782471 149
1740302234055 0.6638748645782471 150
1740302234318 0.6638748645782471 151
1740302234522 0.6638748645782471 152
1740302234679 0.6638748645782471 153
1740302234818 0.6638748645782471 154
1740302238411 0.6638748645782471 155
1740302241557 0.6638748645782471 156
1740302241841 0.6638748645782471 157
1740302242049 0.6638748645782471 158
1740302242250 0.6638748645782471 159
1740302242467 0.6638748645782471 160
1740302245796 0.6638748645782471 161
1740302246117 0.6638748645782471 162
1740302246323 0.6638748645782471 163
1740302246515 0.6638748645782471 164
1740302246655 0.6638748645782471 165
1740302249551 0.6638748645782471 166
1740302249859 0.6638748645782471 167
1740302250074 0.6638748645782471 168
1740302250283 0.6638748645782471 169
1740302250490 0.6638748645782471 170
1740302254072 0.6638748645782471 171
1740302254356 0.6638748645782471 172
1740302254550 0.6638748645782471 173
1740302254723 0.6638748645782471 174
1740302254943 0.6638748645782471 175
1740302258252 0.6638748645782471 176
1740302258524 0.6638748645782471 177
1740302258705 0.6638748645782471 178
1740302258892 0.6638748645782471 179
1740302259049 0.6638748645782471 180
1740302262141 0.6638748645782471 181
1740302262381 0.6638748645782471 182
1740302262563 0.6638748645782471 183
1740302262727 0.6638748645782471 184
1740302263039 0.6638748645782471 185
1740302265903 0.6638748645782471 186
1740302268292 0.6638748645782471 187
1740302268585 0.6638748645782471 188
1740302268757 0.6638748645782471 189
1740302268958 0.6638748645782471 190
1740302269111 0.6638748645782471 191
1740302271756 0.6638748645782471 192
1740302272109 0.6638748645782471 193
1740302272343 0.6638748645782471 194
1740302272550 0.6638748645782471 195
1740302272770 0.6638748645782471 196
1740302276190 0.6638748645782471 197
1740302276497 0.6638748645782471 198
1740302276695 0.6638748645782471 199
1740302276917 0.6638748645782471 200
1740302277121 0.6638748645782471 201
1740302280266 0.6638748645782471 202
1740302280522 0.6638748645782471 203
1740302280668 0.6638748645782471 204
1740302280799 0.6638748645782471 205
1740302280927 0.6638748645782471 206
1740302283850 0.6638748645782471 207
1740302284078 0.6638748645782471 208
1740302284218 0.6638748645782471 209
1740302284347 0.6638748645782471 210
1740302284471 0.6638748645782471 211
1740302286736 0.6638748645782471 212
1740302286967 0.6638748645782471 213
1740302287188 0.6638748645782471 214
1740302287352 0.6638748645782471 215
1740302287471 0.6638748645782471 216
1740302290025 0.6638748645782471 217
1740302291918 0.6638748645782471 218
1740302292203 0.6638748645782471 219
1740302292364 0.6638748645782471 220
1740302292486 0.6638748645782471 221
1740302292611 0.6638748645782471 222
1740302294825 0.6638748645782471 223
1740302295049 0.6638748645782471 224
1740302295183 0.6638748645782471 225
1740302295314 0.6638748645782471 226
1740302295439 0.6638748645782471 227
1740302297573 0.6638748645782471 228
1740302297851 0.6638748645782471 229
1740302297998 0.6638748645782471 230
1740302298199 0.6638748645782471 231
1740302298386 0.6638748645782471 232
1740302301030 0.6638748645782471 233
1740302301271 0.6638748645782471 234
1740302301442 0.6638748645782471 235
1740302301570 0.6638748645782471 236
1740302301695 0.6638748645782471 237
1740302304008 0.6638748645782471 238
1740302304236 0.6638748645782471 239
1740302304404 0.6638748645782471 240
