1740302209840 1.0 121
1740302210055 1.0 122
1740302210289 1.0 123
1740302213746 1.0 124
1740302215632 1.0 125
1740302215932 1.0 126
1740302216150 1.0 127
1740302216359 1.0 128
1740302216579 1.0 129
1740302218517 1.0 130
1740302218827 1.0 131
1740302219020 1.0 132
1740302219189 1.0 133
1740302219394 1.0 134
1740302221668 1.0 135
1740302221938 1.0 136
1740302222152 1.0 137
1740302222307 1.0 138
1740302222518 1.0 139
1740302225085 1.0 140
1740302225361 1.0 141
1740302225574 1.0 142
1740302225785 1.0 143
1740302225995 1.0 144
1740302229392 1.0 145
1740302229681 1.0 146
1740302229879 1.0 147
1740302230049 1.0 148
1740302230266 1.0 149
1740302234063 1.0 150
1740302234322 1.0 151
1740302234526 1.0 152
1740302234686 1.0 153
1740302234822 1.0 154
1740302238417 1.0 155
1740302241561 1.0 156
1740302241847 1.0 157
1740302242053 1.0 158
1740302242255 1.0 159
1740302242473 1.0 160
1740302245804 1.0 161
1740302246122 1.0 162
1740302246328 1.0 163
1740302246519 1.0 164
1740302246660 1.0 165
1740302249556 1.0 166
1740302249864 1.0 167
1740302250080 1.0 168
1740302250288 1.0 169
1740302250496 1.0 170
1740302254078 1.0 171
1740302254360 1.0 172
1740302254554 1.0 173
1740302254729 1.0 174
1740302254948 1.0 175
1740302258256 1.0 176
1740302258528 1.0 177
1740302258711 1.0 178
1740302258895 1.0 179
1740302259054 1.0 180
1740302262148 1.0 181
1740302262386 1.0 182
1740302262566 1.0 183
1740302262731 1.0 184
1740302263046 1.0 185
1740302265907 1.0 186
1740302268298 1.0 187
1740302268590 1.0 188
1740302268763 1.0 189
1740302268962 1.0 190
1740302269114 1.0 191
1740302271763 1.0 192
1740302272117 1.0 193
1740302272349 1.0 194
1740302272555 1.0 195
1740302272776 1.0 196
1740302276199 1.0 197
1740302276502 1.0 198
1740302276699 1.0 199
1740302276922 1.0 200
1740302277124 1.0 201
1740302280272 1.0 202
1740302280526 1.0 203
1740302280671 1.0 204
1740302280803 1.0 205
1740302280932 1.0 206
1740302283855 1.0 207
1740302284082 1.0 208
1740302284222 1.0 209
1740302284351 1.0 210
1740302284475 1.0 211
1740302286740 1.0 212
1740302286971 1.0 213
1740302287192 1.0 214
1740302287355 1.0 215
1740302287475 1.0 216
1740302290032 1.0 217
1740302291921 1.0 218
1740302292207 1.0 219
1740302292368 1.0 220
1740302292490 1.0 221
1740302292614 1.0 222
1740302294829 1.0 223
1740302295053 1.0 224
1740302295187 1.0 225
1740302295318 1.0 226
1740302295442 1.0 227
1740302297577 1.0 228
1740302297855 1.0 229
1740302298002 1.0 230
1740302298204 1.0 231
1740302298393 1.0 232
1740302301034 1.0 233
1740302301275 1.0 234
1740302301445 1.0 235
1740302301574 1.0 236
1740302301699 1.0 237
1740302304012 1.0 238
1740302304240 1.0 239
1740302304409 1.0 240
