1740302209824 0.0008373081218451262 121
1740302210043 0.0008373081218451262 122
1740302210271 0.0008373081218451262 123
1740302213733 0.0008373081218451262 124
1740302215616 0.0008373081218451262 125
1740302215918 0.0008373081218451262 126
1740302216134 0.0008373081218451262 127
1740302216345 0.0008373081218451262 128
1740302216566 0.0008373081218451262 129
1740302218504 0.0008373081218451262 130
1740302218816 0.0008373081218451262 131
1740302219008 0.0008373081218451262 132
1740302219176 0.0008373081218451262 133
1740302219381 0.0008373081218451262 134
1740302221654 0.0008373081218451262 135
1740302221928 0.0008373081218451262 136
1740302222141 0.0008373081218451262 137
1740302222293 0.0008373081218451262 138
1740302222504 0.0008373081218451262 139
1740302225074 0.0008373081218451262 140
1740302225353 0.0008373081218451262 141
1740302225562 0.0008373081218451262 142
1740302225773 0.0008373081218451262 143
1740302225981 0.0008373081218451262 144
1740302229373 0.0008373081218451262 145
1740302229673 0.0008373081218451262 146
1740302229868 0.0008373081218451262 147
1740302230034 0.0008373081218451262 148
1740302230254 0.0008373081218451262 149
1740302234043 0.0008373081218451262 150
1740302234313 0.0008373081218451262 151
1740302234518 0.0008373081218451262 152
1740302234671 0.0008373081218451262 153
1740302234813 0.0008373081218451262 154
1740302238402 0.0008373081218451262 155
1740302241550 0.0008373081218451262 156
1740302241834 0.0008373081218451262 157
1740302242042 0.0008373081218451262 158
1740302242243 0.0008373081218451262 159
1740302242460 0.0008373081218451262 160
1740302245785 0.0008373081218451262 161
1740302246109 0.0008373081218451262 162
1740302246317 0.0008373081218451262 163
1740302246511 0.0008373081218451262 164
1740302246648 0.0008373081218451262 165
1740302249543 0.0008373081218451262 166
1740302249854 0.0008373081218451262 167
1740302250064 0.0008373081218451262 168
1740302250275 0.0008373081218451262 169
1740302250482 0.0008373081218451262 170
1740302254064 0.0008373081218451262 171
1740302254351 0.0008373081218451262 172
1740302254545 0.0008373081218451262 173
1740302254714 0.0008373081218451262 174
1740302254935 0.0008373081218451262 175
1740302258245 0.0008373081218451262 176
1740302258518 0.0008373081218451262 177
1740302258699 0.0008373081218451262 178
1740302258887 0.0008373081218451262 179
1740302259043 0.0008373081218451262 180
1740302262132 0.0008373081218451262 181
1740302262373 0.0008373081218451262 182
1740302262558 0.0008373081218451262 183
1740302262721 0.0008373081218451262 184
1740302263029 0.0008373081218451262 185
1740302265898 0.0008373081218451262 186
1740302268283 0.0008373081218451262 187
1740302268578 0.0008373081218451262 188
1740302268750 0.0008373081218451262 189
1740302268951 0.0008373081218451262 190
1740302269106 0.0008373081218451262 191
1740302271747 0.0008373081218451262 192
1740302272098 0.0008373081218451262 193
1740302272335 0.0008373081218451262 194
1740302272543 0.0008373081218451262 195
1740302272759 0.0008373081218451262 196
1740302276174 0.0008373081218451262 197
1740302276490 0.0008373081218451262 198
1740302276690 0.0008373081218451262 199
1740302276911 0.0008373081218451262 200
1740302277115 0.0008373081218451262 201
1740302280257 0.0008373081218451262 202
1740302280518 0.0008373081218451262 203
1740302280663 0.0008373081218451262 204
1740302280794 0.0008373081218451262 205
1740302280921 0.0008373081218451262 206
1740302283843 0.0008373081218451262 207
1740302284073 0.0008373081218451262 208
1740302284211 0.0008373081218451262 209
1740302284342 0.0008373081218451262 210
1740302284465 0.0008373081218451262 211
1740302286730 0.0008373081218451262 212
1740302286961 0.0008373081218451262 213
1740302287181 0.0008373081218451262 214
1740302287347 0.0008373081218451262 215
1740302287466 0.0008373081218451262 216
1740302290015 0.0008373081218451262 217
1740302291911 0.0008373081218451262 218
1740302292199 0.0008373081218451262 219
1740302292359 0.0008373081218451262 220
1740302292481 0.0008373081218451262 221
1740302292606 0.0008373081218451262 222
1740302294819 0.0008373081218451262 223
1740302295045 0.0008373081218451262 224
1740302295178 0.0008373081218451262 225
1740302295309 0.0008373081218451262 226
1740302295434 0.0008373081218451262 227
1740302297568 0.0008373081218451262 228
1740302297842 0.0008373081218451262 229
1740302297991 0.0008373081218451262 230
1740302298194 0.0008373081218451262 231
1740302298378 0.0008373081218451262 232
1740302301024 0.0008373081218451262 233
1740302301266 0.0008373081218451262 234
1740302301437 0.0008373081218451262 235
1740302301565 0.0008373081218451262 236
1740302301690 0.0008373081218451262 237
1740302304002 0.0008373081218451262 238
1740302304231 0.0008373081218451262 239
1740302304398 0.0008373081218451262 240
