1740302209837 1.0003077983856201 121
1740302210052 1.0003077983856201 122
1740302210287 1.0003077983856201 123
1740302213744 1.0003077983856201 124
1740302215630 1.0003077983856201 125
1740302215930 1.0003077983856201 126
1740302216147 1.0003077983856201 127
1740302216357 1.0003077983856201 128
1740302216577 1.0003077983856201 129
1740302218515 1.0003077983856201 130
1740302218826 1.0003077983856201 131
1740302219018 1.0003077983856201 132
1740302219187 1.0003077983856201 133
1740302219392 1.0003077983856201 134
1740302221666 1.0003077983856201 135
1740302221936 1.0003077983856201 136
1740302222150 1.0003077983856201 137
1740302222305 1.0003077983856201 138
1740302222516 1.0003077983856201 139
1740302225083 1.0003077983856201 140
1740302225360 1.0003077983856201 141
1740302225573 1.0003077983856201 142
1740302225783 1.0003077983856201 143
1740302225993 1.0003077983856201 144
1740302229389 1.0003077983856201 145
1740302229680 1.0003077983856201 146
1740302229878 1.0003077983856201 147
1740302230048 1.0003077983856201 148
1740302230264 1.0003077983856201 149
1740302234060 1.0003077983856201 150
1740302234321 1.0003077983856201 151
1740302234525 1.0003077983856201 152
1740302234683 1.0003077983856201 153
1740302234821 1.0003077983856201 154
1740302238415 1.0003077983856201 155
1740302241560 1.0003077983856201 156
1740302241845 1.0003077983856201 157
1740302242051 1.0003077983856201 158
1740302242254 1.0003077983856201 159
1740302242471 1.0003077983856201 160
1740302245801 1.0003077983856201 161
1740302246120 1.0003077983856201 162
1740302246326 1.0003077983856201 163
1740302246518 1.0003077983856201 164
1740302246658 1.0003077983856201 165
1740302249555 1.0003077983856201 166
1740302249863 1.0003077983856201 167
1740302250078 1.0003077983856201 168
1740302250287 1.0003077983856201 169
1740302250494 1.0003077983856201 170
1740302254076 1.0003077983856201 171
1740302254359 1.0003077983856201 172
1740302254553 1.0003077983856201 173
1740302254727 1.0003077983856201 174
1740302254946 1.0003077983856201 175
1740302258255 1.0003077983856201 176
1740302258527 1.0003077983856201 177
1740302258710 1.0003077983856201 178
1740302258894 1.0003077983856201 179
1740302259052 1.0003077983856201 180
1740302262146 1.0003077983856201 181
1740302262385 1.0003077983856201 182
1740302262565 1.0003077983856201 183
1740302262730 1.0003077983856201 184
1740302263044 1.0003077983856201 185
1740302265906 1.0003077983856201 186
1740302268296 1.0003077983856201 187
1740302268588 1.0003077983856201 188
1740302268761 1.0003077983856201 189
1740302268961 1.0003077983856201 190
1740302269113 1.0003077983856201 191
1740302271761 1.0003077983856201 192
1740302272114 1.0003077983856201 193
1740302272347 1.0003077983856201 194
1740302272553 1.0003077983856201 195
1740302272774 1.0003077983856201 196
1740302276197 1.0003077983856201 197
1740302276501 1.0003077983856201 198
1740302276698 1.0003077983856201 199
1740302276920 1.0003077983856201 200
1740302277123 1.0003077983856201 201
1740302280270 1.0003077983856201 202
1740302280525 1.0003077983856201 203
1740302280670 1.0003077983856201 204
1740302280802 1.0003077983856201 205
1740302280930 1.0003077983856201 206
1740302283853 1.0003077983856201 207
1740302284081 1.0003077983856201 208
1740302284221 1.0003077983856201 209
1740302284350 1.0003077983856201 210
1740302284474 1.0003077983856201 211
1740302286739 1.0003077983856201 212
1740302286970 1.0003077983856201 213
1740302287191 1.0003077983856201 214
1740302287354 1.0003077983856201 215
1740302287473 1.0003077983856201 216
1740302290029 1.0003077983856201 217
1740302291920 1.0003077983856201 218
1740302292206 1.0003077983856201 219
1740302292367 1.0003077983856201 220
1740302292489 1.0003077983856201 221
1740302292613 1.0003077983856201 222
1740302294828 1.0003077983856201 223
1740302295052 1.0003077983856201 224
1740302295186 1.0003077983856201 225
1740302295316 1.0003077983856201 226
1740302295441 1.0003077983856201 227
1740302297576 1.0003077983856201 228
1740302297854 1.0003077983856201 229
1740302298001 1.0003077983856201 230
1740302298203 1.0003077983856201 231
1740302298391 1.0003077983856201 232
1740302301033 1.0003077983856201 233
1740302301273 1.0003077983856201 234
1740302301444 1.0003077983856201 235
1740302301572 1.0003077983856201 236
1740302301698 1.0003077983856201 237
1740302304011 1.0003077983856201 238
1740302304238 1.0003077983856201 239
1740302304407 1.0003077983856201 240
