1740302209827 3.099210888147354 121
1740302210044 3.099210888147354 122
1740302210274 3.099210888147354 123
1740302213735 3.099210888147354 124
1740302215619 3.099210888147354 125
1740302215919 3.099210888147354 126
1740302216137 3.099210888147354 127
1740302216348 3.099210888147354 128
1740302216568 3.099210888147354 129
1740302218506 3.099210888147354 130
1740302218817 3.099210888147354 131
1740302219010 3.099210888147354 132
1740302219179 3.099210888147354 133
1740302219383 3.099210888147354 134
1740302221656 3.099210888147354 135
1740302221929 3.099210888147354 136
1740302222143 3.099210888147354 137
1740302222295 3.099210888147354 138
1740302222508 3.099210888147354 139
1740302225075 3.099210888147354 140
1740302225354 3.099210888147354 141
1740302225563 3.099210888147354 142
1740302225774 3.099210888147354 143
1740302225983 3.099210888147354 144
1740302229376 3.099210888147354 145
1740302229674 3.099210888147354 146
1740302229870 3.099210888147354 147
1740302230037 3.099210888147354 148
1740302230255 3.099210888147354 149
1740302234045 3.099210888147354 150
1740302234314 3.099210888147354 151
1740302234519 3.099210888147354 152
1740302234673 3.099210888147354 153
1740302234814 3.099210888147354 154
1740302238404 3.099210888147354 155
1740302241551 3.099210888147354 156
1740302241835 3.099210888147354 157
1740302242044 3.099210888147354 158
1740302242245 3.099210888147354 159
1740302242462 3.099210888147354 160
1740302245787 3.099210888147354 161
1740302246111 3.099210888147354 162
1740302246319 3.099210888147354 163
1740302246512 3.099210888147354 164
1740302246650 3.099210888147354 165
1740302249545 3.099210888147354 166
1740302249855 3.099210888147354 167
1740302250066 3.099210888147354 168
1740302250278 3.099210888147354 169
1740302250484 3.099210888147354 170
1740302254066 3.099210888147354 171
1740302254352 3.099210888147354 172
1740302254546 3.099210888147354 173
1740302254717 3.099210888147354 174
1740302254937 3.099210888147354 175
1740302258247 3.099210888147354 176
1740302258520 3.099210888147354 177
1740302258700 3.099210888147354 178
1740302258888 3.099210888147354 179
1740302259045 3.099210888147354 180
1740302262134 3.099210888147354 181
1740302262375 3.099210888147354 182
1740302262559 3.099210888147354 183
1740302262723 3.099210888147354 184
1740302263031 3.099210888147354 185
1740302265899 3.099210888147354 186
1740302268286 3.099210888147354 187
1740302268580 3.099210888147354 188
1740302268752 3.099210888147354 189
1740302268953 3.099210888147354 190
1740302269107 3.099210888147354 191
1740302271749 3.099210888147354 192
1740302272102 3.099210888147354 193
1740302272337 3.099210888147354 194
1740302272545 3.099210888147354 195
1740302272762 3.099210888147354 196
1740302276178 3.099210888147354 197
1740302276491 3.099210888147354 198
1740302276691 3.099210888147354 199
1740302276913 3.099210888147354 200
1740302277117 3.099210888147354 201
1740302280260 3.099210888147354 202
1740302280519 3.099210888147354 203
1740302280664 3.099210888147354 204
1740302280795 3.099210888147354 205
1740302280923 3.099210888147354 206
1740302283845 3.099210888147354 207
1740302284074 3.099210888147354 208
1740302284212 3.099210888147354 209
1740302284343 3.099210888147354 210
1740302284467 3.099210888147354 211
1740302286732 3.099210888147354 212
1740302286962 3.099210888147354 213
1740302287183 3.099210888147354 214
1740302287348 3.099210888147354 215
1740302287468 3.099210888147354 216
1740302290017 3.099210888147354 217
1740302291913 3.099210888147354 218
1740302292200 3.099210888147354 219
1740302292360 3.099210888147354 220
1740302292483 3.099210888147354 221
1740302292607 3.099210888147354 222
1740302294820 3.099210888147354 223
1740302295046 3.099210888147354 224
1740302295179 3.099210888147354 225
1740302295310 3.099210888147354 226
1740302295435 3.099210888147354 227
1740302297570 3.099210888147354 228
1740302297845 3.099210888147354 229
1740302297993 3.099210888147354 230
1740302298195 3.099210888147354 231
1740302298380 3.099210888147354 232
1740302301026 3.099210888147354 233
1740302301267 3.099210888147354 234
1740302301438 3.099210888147354 235
1740302301566 3.099210888147354 236
1740302301691 3.099210888147354 237
1740302304004 3.099210888147354 238
1740302304232 3.099210888147354 239
1740302304399 3.099210888147354 240
