1740446638780 0.00022933482250664383 61
1740446639648 0.00022933482250664383 62
1740446640227 0.00022933482250664383 63
1740446640328 0.00022933482250664383 64
1740446640413 0.00022933482250664383 65
1740446640498 0.00022933482250664383 66
1740446640582 0.00022933482250664383 67
1740446641183 0.00022933482250664383 68
1740446641288 0.00022933482250664383 69
1740446641371 0.00022933482250664383 70
1740446641452 0.00022933482250664383 71
1740446641542 0.00022933482250664383 72
1740446642145 0.00022933482250664383 73
1740446642291 0.00022933482250664383 74
1740446642469 0.00022933482250664383 75
1740446642571 0.00022933482250664383 76
1740446642725 0.00022933482250664383 77
1740446643649 0.00022933482250664383 78
1740446643752 0.00022933482250664383 79
1740446643878 0.00022933482250664383 80
1740446643965 0.00022933482250664383 81
1740446644051 0.00022933482250664383 82
1740446645044 0.00022933482250664383 83
1740446645137 0.00022933482250664383 84
1740446645221 0.00022933482250664383 85
1740446645305 0.00022933482250664383 86
1740446645396 0.00022933482250664383 87
1740446646649 0.00022933482250664383 88
1740446646763 0.00022933482250664383 89
1740446646850 0.00022933482250664383 90
1740446646973 0.00022933482250664383 91
1740446647058 0.00022933482250664383 92
1740446648263 0.00022933482250664383 93
1740446648813 0.00022933482250664383 94
1740446648935 0.00022933482250664383 95
1740446649021 0.00022933482250664383 96
1740446649107 0.00022933482250664383 97
1740446649201 0.00022933482250664383 98
1740446649799 0.00022933482250664383 99
1740446649922 0.00022933482250664383 100
1740446650006 0.00022933482250664383 101
1740446650120 0.00022933482250664383 102
1740446650209 0.00022933482250664383 103
1740446650880 0.00022933482250664383 104
1740446651015 0.00022933482250664383 105
1740446651099 0.00022933482250664383 106
1740446651187 0.00022933482250664383 107
1740446651279 0.00022933482250664383 108
1740446652149 0.00022933482250664383 109
1740446652275 0.00022933482250664383 110
1740446652368 0.00022933482250664383 111
1740446652461 0.00022933482250664383 112
1740446652549 0.00022933482250664383 113
1740446653311 0.00022933482250664383 114
1740446653468 0.00022933482250664383 115
1740446653614 0.00022933482250664383 116
1740446653852 0.00022933482250664383 117
1740446654036 0.00022933482250664383 118
1740446655312 0.00022933482250664383 119
1740446655475 0.00022933482250664383 120
1740446684937 0.0007212599157355726 61
1740446686780 0.0007212599157355726 62
1740446687410 0.0007212599157355726 63
1740446687532 0.0007212599157355726 64
1740446687630 0.0007212599157355726 65
1740446687741 0.0007212599157355726 66
1740446687865 0.0007212599157355726 67
1740446689233 0.0007212599157355726 68
1740446689393 0.0007212599157355726 69
1740446689533 0.0007212599157355726 70
1740446689685 0.0007212599157355726 71
1740446689828 0.0007212599157355726 72
1740446691310 0.0007212599157355726 73
1740446691438 0.0007212599157355726 74
1740446691565 0.0007212599157355726 75
1740446691758 0.0007212599157355726 76
1740446691959 0.0007212599157355726 77
1740446693543 0.0007212599157355726 78
1740446693738 0.0007212599157355726 79
1740446693986 0.0007212599157355726 80
1740446694121 0.0007212599157355726 81
1740446694229 0.0007212599157355726 82
1740446695313 0.0007212599157355726 83
1740446695430 0.0007212599157355726 84
1740446695529 0.0007212599157355726 85
1740446695660 0.0007212599157355726 86
1740446695769 0.0007212599157355726 87
1740446697385 0.0007212599157355726 88
1740446697528 0.0007212599157355726 89
1740446697653 0.0007212599157355726 90
1740446697756 0.0007212599157355726 91
1740446697873 0.0007212599157355726 92
1740446699539 0.0007212599157355726 93
1740446700228 0.0007212599157355726 94
1740446700385 0.0007212599157355726 95
1740446700495 0.0007212599157355726 96
1740446700637 0.0007212599157355726 97
1740446700744 0.0007212599157355726 98
1740446701873 0.0007212599157355726 99
1740446702047 0.0007212599157355726 100
1740446702182 0.0007212599157355726 101
1740446702288 0.0007212599157355726 102
1740446702388 0.0007212599157355726 103
1740446703710 0.0007212599157355726 104
1740446703824 0.0007212599157355726 105
1740446703919 0.0007212599157355726 106
1740446704019 0.0007212599157355726 107
1740446704159 0.0007212599157355726 108
1740446705406 0.0007212599157355726 109
1740446705551 0.0007212599157355726 110
1740446705705 0.0007212599157355726 111
1740446705855 0.0007212599157355726 112
1740446705997 0.0007212599157355726 113
1740446707373 0.0007212599157355726 114
1740446707482 0.0007212599157355726 115
1740446707575 0.0007212599157355726 116
1740446707676 0.0007212599157355726 117
1740446707810 0.0007212599157355726 118
1740446709349 0.0007212599157355726 119
1740446709474 0.0007212599157355726 120
1740446748878 0.0009657363407313824 61
1740446750100 0.0009657363407313824 62
1740446750840 0.0009657363407313824 63
1740446750978 0.0009657363407313824 64
1740446751120 0.0009657363407313824 65
1740446751293 0.0009657363407313824 66
1740446751432 0.0009657363407313824 67
1740446752233 0.0009657363407313824 68
1740446752433 0.0009657363407313824 69
1740446752585 0.0009657363407313824 70
1740446752717 0.0009657363407313824 71
1740446752881 0.0009657363407313824 72
1740446754112 0.0009657363407313824 73
1740446754313 0.0009657363407313824 74
1740446754477 0.0009657363407313824 75
1740446754628 0.0009657363407313824 76
1740446754849 0.0009657363407313824 77
1740446756212 0.0009657363407313824 78
1740446756387 0.0009657363407313824 79
1740446756562 0.0009657363407313824 80
1740446756731 0.0009657363407313824 81
1740446756865 0.0009657363407313824 82
1740446757947 0.0009657363407313824 83
1740446758109 0.0009657363407313824 84
1740446758266 0.0009657363407313824 85
1740446758411 0.0009657363407313824 86
1740446758566 0.0009657363407313824 87
1740446759863 0.0009657363407313824 88
1740446760020 0.0009657363407313824 89
1740446760174 0.0009657363407313824 90
1740446760358 0.0009657363407313824 91
1740446760488 0.0009657363407313824 92
1740446761440 0.0009657363407313824 93
1740446761942 0.0009657363407313824 94
1740446762065 0.0009657363407313824 95
1740446762162 0.0009657363407313824 96
1740446762261 0.0009657363407313824 97
1740446762360 0.0009657363407313824 98
1740446762888 0.0009657363407313824 99
1740446762996 0.0009657363407313824 100
1740446763114 0.0009657363407313824 101
1740446763212 0.0009657363407313824 102
1740446763323 0.0009657363407313824 103
1740446763918 0.0009657363407313824 104
1740446764038 0.0009657363407313824 105
1740446764137 0.0009657363407313824 106
1740446764241 0.0009657363407313824 107
1740446764342 0.0009657363407313824 108
1740446764985 0.0009657363407313824 109
1740446765095 0.0009657363407313824 110
1740446765195 0.0009657363407313824 111
1740446765298 0.0009657363407313824 112
1740446765399 0.0009657363407313824 113
1740446766067 0.0009657363407313824 114
1740446766179 0.0009657363407313824 115
1740446766280 0.0009657363407313824 116
1740446766382 0.0009657363407313824 117
1740446766494 0.0009657363407313824 118
1740446767162 0.0009657363407313824 119
1740446767274 0.0009657363407313824 120
1740446797990 0.0009395828237757087 61
1740446798959 0.0009395828237757087 62
1740446799557 0.0009395828237757087 63
1740446799668 0.0009395828237757087 64
1740446799771 0.0009395828237757087 65
1740446799877 0.0009395828237757087 66
1740446799993 0.0009395828237757087 67
1740446800589 0.0009395828237757087 68
1740446800734 0.0009395828237757087 69
1740446800898 0.0009395828237757087 70
1740446801057 0.0009395828237757087 71
1740446801181 0.0009395828237757087 72
1740446801892 0.0009395828237757087 73
1740446802072 0.0009395828237757087 74
1740446802254 0.0009395828237757087 75
1740446802428 0.0009395828237757087 76
1740446802591 0.0009395828237757087 77
1740446803654 0.0009395828237757087 78
1740446803964 0.0009395828237757087 79
1740446804175 0.0009395828237757087 80
1740446804362 0.0009395828237757087 81
1740446804493 0.0009395828237757087 82
1740446805459 0.0009395828237757087 83
1740446805620 0.0009395828237757087 84
1740446805741 0.0009395828237757087 85
1740446805855 0.0009395828237757087 86
1740446805963 0.0009395828237757087 87
1740446806727 0.0009395828237757087 88
1740446806851 0.0009395828237757087 89
1740446806970 0.0009395828237757087 90
1740446807086 0.0009395828237757087 91
1740446807209 0.0009395828237757087 92
1740446808006 0.0009395828237757087 93
1740446808606 0.0009395828237757087 94
1740446808763 0.0009395828237757087 95
1740446808871 0.0009395828237757087 96
1740446808991 0.0009395828237757087 97
1740446809098 0.0009395828237757087 98
1740446809836 0.0009395828237757087 99
1740446810001 0.0009395828237757087 100
1740446810223 0.0009395828237757087 101
1740446810384 0.0009395828237757087 102
1740446810518 0.0009395828237757087 103
1740446811437 0.0009395828237757087 104
1740446811551 0.0009395828237757087 105
1740446811660 0.0009395828237757087 106
1740446811775 0.0009395828237757087 107
1740446811884 0.0009395828237757087 108
1740446812624 0.0009395828237757087 109
1740446812745 0.0009395828237757087 110
1740446812903 0.0009395828237757087 111
1740446813017 0.0009395828237757087 112
1740446813138 0.0009395828237757087 113
1740446814096 0.0009395828237757087 114
1740446814217 0.0009395828237757087 115
1740446814326 0.0009395828237757087 116
1740446814438 0.0009395828237757087 117
1740446814549 0.0009395828237757087 118
1740446815532 0.0009395828237757087 119
1740446815647 0.0009395828237757087 120
1740446848381 0.0003541966434568167 61
1740446849354 0.0003541966434568167 62
1740446849882 0.0003541966434568167 63
1740446849992 0.0003541966434568167 64
1740446850109 0.0003541966434568167 65
1740446850211 0.0003541966434568167 66
1740446850317 0.0003541966434568167 67
1740446850969 0.0003541966434568167 68
1740446851082 0.0003541966434568167 69
1740446851186 0.0003541966434568167 70
1740446851291 0.0003541966434568167 71
1740446851398 0.0003541966434568167 72
1740446852138 0.0003541966434568167 73
1740446852251 0.0003541966434568167 74
1740446852356 0.0003541966434568167 75
1740446852463 0.0003541966434568167 76
1740446852572 0.0003541966434568167 77
1740446853433 0.0003541966434568167 78
1740446853551 0.0003541966434568167 79
1740446853654 0.0003541966434568167 80
1740446853773 0.0003541966434568167 81
1740446853878 0.0003541966434568167 82
1740446854727 0.0003541966434568167 83
1740446854839 0.0003541966434568167 84
1740446854951 0.0003541966434568167 85
1740446855055 0.0003541966434568167 86
1740446855164 0.0003541966434568167 87
1740446856032 0.0003541966434568167 88
1740446856146 0.0003541966434568167 89
1740446856249 0.0003541966434568167 90
1740446856355 0.0003541966434568167 91
1740446856461 0.0003541966434568167 92
1740446857332 0.0003541966434568167 93
1740446857863 0.0003541966434568167 94
1740446857975 0.0003541966434568167 95
1740446858081 0.0003541966434568167 96
1740446858186 0.0003541966434568167 97
1740446858295 0.0003541966434568167 98
1740446858974 0.0003541966434568167 99
1740446859088 0.0003541966434568167 100
1740446859192 0.0003541966434568167 101
1740446859299 0.0003541966434568167 102
1740446859405 0.0003541966434568167 103
1740446860206 0.0003541966434568167 104
1740446860311 0.0003541966434568167 105
1740446860416 0.0003541966434568167 106
1740446860522 0.0003541966434568167 107
1740446860627 0.0003541966434568167 108
1740446861390 0.0003541966434568167 109
1740446861504 0.0003541966434568167 110
1740446861610 0.0003541966434568167 111
1740446861719 0.0003541966434568167 112
1740446861840 0.0003541966434568167 113
1740446862684 0.0003541966434568167 114
1740446862800 0.0003541966434568167 115
1740446862910 0.0003541966434568167 116
1740446863019 0.0003541966434568167 117
1740446863132 0.0003541966434568167 118
1740446864151 0.0003541966434568167 119
1740446864271 0.0003541966434568167 120
1740446889358 0.0005369464633986354 61
1740446890734 0.0005369464633986354 62
1740446891711 0.0005369464633986354 63
1740446891912 0.0005369464633986354 64
1740446892138 0.0005369464633986354 65
1740446892297 0.0005369464633986354 66
1740446892429 0.0005369464633986354 67
1740446893174 0.0005369464633986354 68
1740446893319 0.0005369464633986354 69
1740446893455 0.0005369464633986354 70
1740446893576 0.0005369464633986354 71
1740446893693 0.0005369464633986354 72
1740446894504 0.0005369464633986354 73
1740446894618 0.0005369464633986354 74
1740446894733 0.0005369464633986354 75
1740446894861 0.0005369464633986354 76
1740446894975 0.0005369464633986354 77
1740446895924 0.0005369464633986354 78
1740446896043 0.0005369464633986354 79
1740446896156 0.0005369464633986354 80
1740446896266 0.0005369464633986354 81
1740446896390 0.0005369464633986354 82
1740446897451 0.0005369464633986354 83
1740446897570 0.0005369464633986354 84
1740446897675 0.0005369464633986354 85
1740446897786 0.0005369464633986354 86
1740446897894 0.0005369464633986354 87
1740446898967 0.0005369464633986354 88
1740446899121 0.0005369464633986354 89
1740446899248 0.0005369464633986354 90
1740446899363 0.0005369464633986354 91
1740446899481 0.0005369464633986354 92
1740446900789 0.0005369464633986354 93
1740446901418 0.0005369464633986354 94
1740446901565 0.0005369464633986354 95
1740446901702 0.0005369464633986354 96
1740446901853 0.0005369464633986354 97
1740446901958 0.0005369464633986354 98
1740446902863 0.0005369464633986354 99
1740446903078 0.0005369464633986354 100
1740446903265 0.0005369464633986354 101
1740446903447 0.0005369464633986354 102
1740446903648 0.0005369464633986354 103
1740446904481 0.0005369464633986354 104
1740446904609 0.0005369464633986354 105
1740446904734 0.0005369464633986354 106
1740446904840 0.0005369464633986354 107
1740446904953 0.0005369464633986354 108
1740446905570 0.0005369464633986354 109
1740446905685 0.0005369464633986354 110
1740446905789 0.0005369464633986354 111
1740446905894 0.0005369464633986354 112
1740446906013 0.0005369464633986354 113
1740446906775 0.0005369464633986354 114
1740446906903 0.0005369464633986354 115
1740446907020 0.0005369464633986354 116
1740446907130 0.0005369464633986354 117
1740446907238 0.0005369464633986354 118
1740446907931 0.0005369464633986354 119
1740446908042 0.0005369464633986354 120
