1740446638780 0.0 61
1740446639649 0.0 62
1740446640228 0.0 63
1740446640329 0.0 64
1740446640414 0.0 65
1740446640498 0.0 66
1740446640582 0.0 67
1740446641185 0.0 68
1740446641289 0.0 69
1740446641371 0.0 70
1740446641453 0.0 71
1740446641542 0.0 72
1740446642146 0.0 73
1740446642293 0.0 74
1740446642470 0.0 75
1740446642572 0.0 76
1740446642725 0.0 77
1740446643650 0.0 78
1740446643753 0.0 79
1740446643879 0.0 80
1740446643966 0.0 81
1740446644052 0.0 82
1740446645045 0.0 83
1740446645137 0.0 84
1740446645221 0.0 85
1740446645306 0.0 86
1740446645396 0.0 87
1740446646650 0.0 88
1740446646764 0.0 89
1740446646851 0.0 90
1740446646974 0.0 91
1740446647059 0.0 92
1740446648264 0.0 93
1740446648814 0.0 94
1740446648936 0.0 95
1740446649022 0.0 96
1740446649108 0.0 97
1740446649202 0.0 98
1740446649800 0.0 99
1740446649923 0.0 100
1740446650007 0.0 101
1740446650121 0.0 102
1740446650210 0.0 103
1740446650883 0.0 104
1740446651016 0.0 105
1740446651100 0.0 106
1740446651188 0.0 107
1740446651280 0.0 108
1740446652150 0.0 109
1740446652276 0.0 110
1740446652369 0.0 111
1740446652462 0.0 112
1740446652550 0.0 113
1740446653312 0.0 114
1740446653469 0.0 115
1740446653616 0.0 116
1740446653854 0.0 117
1740446654037 0.0 118
1740446655314 0.0 119
1740446655476 0.0 120
1740446684940 0.0 61
1740446686781 0.0 62
1740446687411 0.0 63
1740446687533 0.0 64
1740446687631 0.0 65
1740446687742 0.0 66
1740446687867 0.0 67
1740446689234 0.0 68
1740446689393 0.0 69
1740446689534 0.0 70
1740446689685 0.0 71
1740446689829 0.0 72
1740446691311 0.0 73
1740446691440 0.0 74
1740446691566 0.0 75
1740446691759 0.0 76
1740446691960 0.0 77
1740446693546 0.0 78
1740446693741 0.0 79
1740446693988 0.0 80
1740446694122 0.0 81
1740446694230 0.0 82
1740446695315 0.0 83
1740446695431 0.0 84
1740446695530 0.0 85
1740446695661 0.0 86
1740446695770 0.0 87
1740446697387 0.0 88
1740446697529 0.0 89
1740446697654 0.0 90
1740446697757 0.0 91
1740446697874 0.0 92
1740446699540 0.0 93
1740446700230 0.0 94
1740446700386 0.0 95
1740446700496 0.0 96
1740446700638 0.0 97
1740446700745 0.0 98
1740446701875 0.0 99
1740446702048 0.0 100
1740446702183 0.0 101
1740446702288 0.0 102
1740446702389 0.0 103
1740446703711 0.0 104
1740446703825 0.0 105
1740446703920 0.0 106
1740446704021 0.0 107
1740446704160 0.0 108
1740446705408 0.0 109
1740446705552 0.0 110
1740446705706 0.0 111
1740446705856 0.0 112
1740446705998 0.0 113
1740446707373 0.0 114
1740446707483 0.0 115
1740446707576 0.0 116
1740446707676 0.0 117
1740446707811 0.0 118
1740446709350 0.0 119
1740446709475 0.0 120
1740446748879 0.0 61
1740446750101 0.0 62
1740446750841 0.0 63
1740446750979 0.0 64
1740446751121 0.0 65
1740446751294 0.0 66
1740446751433 0.0 67
1740446752236 0.0 68
1740446752435 0.0 69
1740446752586 0.0 70
1740446752720 0.0 71
1740446752883 0.0 72
1740446754113 0.0 73
1740446754315 0.0 74
1740446754478 0.0 75
1740446754629 0.0 76
1740446754851 0.0 77
1740446756213 0.0 78
1740446756388 0.0 79
1740446756563 0.0 80
1740446756732 0.0 81
1740446756866 0.0 82
1740446757949 0.0 83
1740446758110 0.0 84
1740446758267 0.0 85
1740446758412 0.0 86
1740446758567 0.0 87
1740446759864 0.0 88
1740446760021 0.0 89
1740446760176 0.0 90
1740446760359 0.0 91
1740446760489 0.0 92
1740446761441 0.0 93
1740446761943 0.0 94
1740446762066 0.0 95
1740446762163 0.0 96
1740446762262 0.0 97
1740446762361 0.0 98
1740446762889 0.0 99
1740446762997 0.0 100
1740446763115 0.0 101
1740446763213 0.0 102
1740446763324 0.0 103
1740446763919 0.0 104
1740446764039 0.0 105
1740446764138 0.0 106
1740446764242 0.0 107
1740446764343 0.0 108
1740446764986 0.0 109
1740446765096 0.0 110
1740446765196 0.0 111
1740446765299 0.0 112
1740446765400 0.0 113
1740446766068 0.0 114
1740446766180 0.0 115
1740446766281 0.0 116
1740446766383 0.0 117
1740446766495 0.0 118
1740446767163 0.0 119
1740446767274 0.0 120
1740446797991 0.0 61
1740446798961 0.0 62
1740446799558 0.0 63
1740446799669 0.0 64
1740446799772 0.0 65
1740446799878 0.0 66
1740446799995 0.0 67
1740446800590 0.0 68
1740446800735 0.0 69
1740446800900 0.0 70
1740446801058 0.0 71
1740446801182 0.0 72
1740446801894 0.0 73
1740446802073 0.0 74
1740446802255 0.0 75
1740446802430 0.0 76
1740446802593 0.0 77
1740446803658 0.0 78
1740446803967 0.0 79
1740446804177 0.0 80
1740446804364 0.0 81
1740446804494 0.0 82
1740446805460 0.0 83
1740446805622 0.0 84
1740446805742 0.0 85
1740446805856 0.0 86
1740446805964 0.0 87
1740446806728 0.0 88
1740446806852 0.0 89
1740446806972 0.0 90
1740446807087 0.0 91
1740446807210 0.0 92
1740446808008 0.0 93
1740446808607 0.0 94
1740446808765 0.0 95
1740446808872 0.0 96
1740446808992 0.0 97
1740446809099 0.0 98
1740446809837 0.0 99
1740446810003 0.0 100
1740446810224 0.0 101
1740446810386 0.0 102
1740446810520 0.0 103
1740446811439 0.0 104
1740446811552 0.0 105
1740446811661 0.0 106
1740446811776 0.0 107
1740446811885 0.0 108
1740446812625 0.0 109
1740446812746 0.0 110
1740446812905 0.0 111
1740446813018 0.0 112
1740446813139 0.0 113
1740446814097 0.0 114
1740446814218 0.0 115
1740446814327 0.0 116
1740446814439 0.0 117
1740446814550 0.0 118
1740446815533 0.0 119
1740446815648 0.0 120
1740446848382 0.0 61
1740446849356 0.0 62
1740446849883 0.0 63
1740446849993 0.0 64
1740446850110 0.0 65
1740446850213 0.0 66
1740446850318 0.0 67
1740446850970 0.0 68
1740446851083 0.0 69
1740446851187 0.0 70
1740446851292 0.0 71
1740446851399 0.0 72
1740446852139 0.0 73
1740446852252 0.0 74
1740446852357 0.0 75
1740446852464 0.0 76
1740446852573 0.0 77
1740446853435 0.0 78
1740446853552 0.0 79
1740446853656 0.0 80
1740446853774 0.0 81
1740446853879 0.0 82
1740446854728 0.0 83
1740446854840 0.0 84
1740446854952 0.0 85
1740446855056 0.0 86
1740446855165 0.0 87
1740446856033 0.0 88
1740446856147 0.0 89
1740446856250 0.0 90
1740446856356 0.0 91
1740446856462 0.0 92
1740446857333 0.0 93
1740446857864 0.0 94
1740446857976 0.0 95
1740446858082 0.0 96
1740446858187 0.0 97
1740446858296 0.0 98
1740446858975 0.0 99
1740446859089 0.0 100
1740446859193 0.0 101
1740446859300 0.0 102
1740446859406 0.0 103
1740446860207 0.0 104
1740446860312 0.0 105
1740446860417 0.0 106
1740446860523 0.0 107
1740446860628 0.0 108
1740446861391 0.0 109
1740446861505 0.0 110
1740446861611 0.0 111
1740446861720 0.0 112
1740446861841 0.0 113
1740446862685 0.0 114
1740446862801 0.0 115
1740446862911 0.0 116
1740446863021 0.0 117
1740446863133 0.0 118
1740446864152 0.0 119
1740446864272 0.0 120
1740446889359 0.0 61
1740446890736 0.0 62
1740446891713 0.0 63
1740446891914 0.0 64
1740446892140 0.0 65
1740446892299 0.0 66
1740446892430 0.0 67
1740446893176 0.0 68
1740446893320 0.0 69
1740446893456 0.0 70
1740446893577 0.0 71
1740446893694 0.0 72
1740446894505 0.0 73
1740446894619 0.0 74
1740446894734 0.0 75
1740446894862 0.0 76
1740446894976 0.0 77
1740446895925 0.0 78
1740446896044 0.0 79
1740446896157 0.0 80
1740446896267 0.0 81
1740446896391 0.0 82
1740446897452 0.0 83
1740446897571 0.0 84
1740446897676 0.0 85
1740446897787 0.0 86
1740446897895 0.0 87
1740446898968 0.0 88
1740446899122 0.0 89
1740446899249 0.0 90
1740446899364 0.0 91
1740446899482 0.0 92
1740446900790 0.0 93
1740446901419 0.0 94
1740446901566 0.0 95
1740446901704 0.0 96
1740446901854 0.0 97
1740446901959 0.0 98
1740446902865 0.0 99
1740446903080 0.0 100
1740446903266 0.0 101
1740446903448 0.0 102
1740446903649 0.0 103
1740446904482 0.0 104
1740446904610 0.0 105
1740446904735 0.0 106
1740446904841 0.0 107
1740446904954 0.0 108
1740446905571 0.0 109
1740446905686 0.0 110
1740446905790 0.0 111
1740446905895 0.0 112
1740446906015 0.0 113
1740446906777 0.0 114
1740446906904 0.0 115
1740446907021 0.0 116
1740446907131 0.0 117
1740446907239 0.0 118
1740446907932 0.0 119
1740446908043 0.0 120
