1740446638785 0.2 61
1740446639654 0.2 62
1740446640233 0.2 63
1740446640333 0.2 64
1740446640418 0.2 65
1740446640502 0.2 66
1740446640586 0.2 67
1740446641192 0.2 68
1740446641293 0.2 69
1740446641375 0.2 70
1740446641457 0.2 71
1740446641546 0.2 72
1740446642150 0.2 73
1740446642300 0.2 74
1740446642474 0.2 75
1740446642576 0.2 76
1740446642730 0.2 77
1740446643654 0.2 78
1740446643757 0.2 79
1740446643884 0.2 80
1740446643970 0.2 81
1740446644056 0.2 82
1740446645049 0.2 83
1740446645141 0.2 84
1740446645225 0.2 85
1740446645310 0.2 86
1740446645400 0.2 87
1740446646654 0.2 88
1740446646768 0.2 89
1740446646856 0.2 90
1740446646978 0.2 91
1740446647063 0.2 92
1740446648268 0.2 93
1740446648820 0.2 94
1740446648940 0.2 95
1740446649026 0.2 96
1740446649112 0.2 97
1740446649206 0.2 98
1740446649804 0.2 99
1740446649927 0.2 100
1740446650012 0.2 101
1740446650125 0.2 102
1740446650215 0.2 103
1740446650892 0.2 104
1740446651020 0.2 105
1740446651104 0.2 106
1740446651192 0.2 107
1740446651285 0.2 108
1740446652154 0.2 109
1740446652280 0.2 110
1740446652373 0.2 111
1740446652466 0.2 112
1740446652554 0.2 113
1740446653319 0.2 114
1740446653475 0.2 115
1740446653621 0.2 116
1740446653864 0.2 117
1740446654043 0.2 118
1740446655321 0.2 119
1740446655481 0.2 120
1740446684950 0.2 61
1740446686785 0.2 62
1740446687420 0.2 63
1740446687538 0.2 64
1740446687636 0.2 65
1740446687748 0.2 66
1740446687873 0.2 67
1740446689240 0.2 68
1740446689398 0.2 69
1740446689539 0.2 70
1740446689691 0.2 71
1740446689833 0.2 72
1740446691316 0.2 73
1740446691445 0.2 74
1740446691573 0.2 75
1740446691765 0.2 76
1740446691964 0.2 77
1740446693556 0.2 78
1740446693756 0.2 79
1740446693998 0.2 80
1740446694129 0.2 81
1740446694235 0.2 82
1740446695323 0.2 83
1740446695436 0.2 84
1740446695535 0.2 85
1740446695668 0.2 86
1740446695776 0.2 87
1740446697400 0.2 88
1740446697536 0.2 89
1740446697659 0.2 90
1740446697762 0.2 91
1740446697881 0.2 92
1740446699545 0.2 93
1740446700239 0.2 94
1740446700391 0.2 95
1740446700501 0.2 96
1740446700642 0.2 97
1740446700750 0.2 98
1740446701883 0.2 99
1740446702052 0.2 100
1740446702187 0.2 101
1740446702292 0.2 102
1740446702396 0.2 103
1740446703718 0.2 104
1740446703829 0.2 105
1740446703925 0.2 106
1740446704027 0.2 107
1740446704167 0.2 108
1740446705417 0.2 109
1740446705556 0.2 110
1740446705715 0.2 111
1740446705862 0.2 112
1740446706003 0.2 113
1740446707378 0.2 114
1740446707487 0.2 115
1740446707580 0.2 116
1740446707680 0.2 117
1740446707815 0.2 118
1740446709355 0.2 119
1740446709479 0.2 120
1740446748883 0.2 61
1740446750104 0.2 62
1740446750845 0.2 63
1740446750982 0.2 64
1740446751128 0.2 65
1740446751298 0.2 66
1740446751437 0.2 67
1740446752251 0.2 68
1740446752440 0.2 69
1740446752591 0.2 70
1740446752728 0.2 71
1740446752891 0.2 72
1740446754120 0.2 73
1740446754322 0.2 74
1740446754484 0.2 75
1740446754634 0.2 76
1740446754860 0.2 77
1740446756222 0.2 78
1740446756395 0.2 79
1740446756570 0.2 80
1740446756739 0.2 81
1740446756873 0.2 82
1740446757956 0.2 83
1740446758115 0.2 84
1740446758273 0.2 85
1740446758417 0.2 86
1740446758572 0.2 87
1740446759870 0.2 88
1740446760027 0.2 89
1740446760184 0.2 90
1740446760365 0.2 91
1740446760494 0.2 92
1740446761446 0.2 93
1740446761947 0.2 94
1740446762072 0.2 95
1740446762168 0.2 96
1740446762267 0.2 97
1740446762366 0.2 98
1740446762894 0.2 99
1740446763002 0.2 100
1740446763121 0.2 101
1740446763218 0.2 102
1740446763329 0.2 103
1740446763924 0.2 104
1740446764044 0.2 105
1740446764143 0.2 106
1740446764247 0.2 107
1740446764348 0.2 108
1740446764991 0.2 109
1740446765101 0.2 110
1740446765201 0.2 111
1740446765304 0.2 112
1740446765405 0.2 113
1740446766073 0.2 114
1740446766185 0.2 115
1740446766286 0.2 116
1740446766387 0.2 117
1740446766500 0.2 118
1740446767168 0.2 119
1740446767279 0.2 120
1740446797996 0.2 61
1740446798967 0.2 62
1740446799563 0.2 63
1740446799674 0.2 64
1740446799777 0.2 65
1740446799883 0.2 66
1740446800000 0.2 67
1740446800596 0.2 68
1740446800741 0.2 69
1740446800905 0.2 70
1740446801064 0.2 71
1740446801187 0.2 72
1740446801900 0.2 73
1740446802079 0.2 74
1740446802262 0.2 75
1740446802437 0.2 76
1740446802598 0.2 77
1740446803670 0.2 78
1740446803976 0.2 79
1740446804183 0.2 80
1740446804370 0.2 81
1740446804500 0.2 82
1740446805466 0.2 83
1740446805629 0.2 84
1740446805748 0.2 85
1740446805861 0.2 86
1740446805969 0.2 87
1740446806733 0.2 88
1740446806858 0.2 89
1740446806978 0.2 90
1740446807094 0.2 91
1740446807215 0.2 92
1740446808013 0.2 93
1740446808612 0.2 94
1740446808771 0.2 95
1740446808877 0.2 96
1740446808997 0.2 97
1740446809104 0.2 98
1740446809843 0.2 99
1740446810013 0.2 100
1740446810233 0.2 101
1740446810394 0.2 102
1740446810532 0.2 103
1740446811446 0.2 104
1740446811558 0.2 105
1740446811667 0.2 106
1740446811781 0.2 107
1740446811891 0.2 108
1740446812631 0.2 109
1740446812753 0.2 110
1740446812912 0.2 111
1740446813023 0.2 112
1740446813144 0.2 113
1740446814103 0.2 114
1740446814223 0.2 115
1740446814332 0.2 116
1740446814445 0.2 117
1740446814555 0.2 118
1740446815538 0.2 119
1740446815653 0.2 120
1740446848387 0.2 61
1740446849360 0.2 62
1740446849888 0.2 63
1740446849998 0.2 64
1740446850115 0.2 65
1740446850218 0.2 66
1740446850323 0.2 67
1740446850975 0.2 68
1740446851088 0.2 69
1740446851192 0.2 70
1740446851297 0.2 71
1740446851404 0.2 72
1740446852144 0.2 73
1740446852257 0.2 74
1740446852362 0.2 75
1740446852469 0.2 76
1740446852578 0.2 77
1740446853440 0.2 78
1740446853557 0.2 79
1740446853661 0.2 80
1740446853779 0.2 81
1740446853883 0.2 82
1740446854733 0.2 83
1740446854845 0.2 84
1740446854956 0.2 85
1740446855061 0.2 86
1740446855170 0.2 87
1740446856039 0.2 88
1740446856152 0.2 89
1740446856256 0.2 90
1740446856361 0.2 91
1740446856467 0.2 92
1740446857338 0.2 93
1740446857869 0.2 94
1740446857981 0.2 95
1740446858087 0.2 96
1740446858192 0.2 97
1740446858301 0.2 98
1740446858980 0.2 99
1740446859094 0.2 100
1740446859198 0.2 101
1740446859305 0.2 102
1740446859411 0.2 103
1740446860212 0.2 104
1740446860317 0.2 105
1740446860422 0.2 106
1740446860528 0.2 107
1740446860634 0.2 108
1740446861396 0.2 109
1740446861511 0.2 110
1740446861616 0.2 111
1740446861726 0.2 112
1740446861846 0.2 113
1740446862690 0.2 114
1740446862806 0.2 115
1740446862915 0.2 116
1740446863026 0.2 117
1740446863138 0.2 118
1740446864157 0.2 119
1740446864277 0.2 120
1740446889366 0.2 61
1740446890745 0.2 62
1740446891721 0.2 63
1740446891922 0.2 64
1740446892151 0.2 65
1740446892305 0.2 66
1740446892436 0.2 67
1740446893182 0.2 68
1740446893327 0.2 69
1740446893464 0.2 70
1740446893582 0.2 71
1740446893700 0.2 72
1740446894510 0.2 73
1740446894624 0.2 74
1740446894740 0.2 75
1740446894867 0.2 76
1740446894982 0.2 77
1740446895931 0.2 78
1740446896050 0.2 79
1740446896162 0.2 80
1740446896272 0.2 81
1740446896396 0.2 82
1740446897458 0.2 83
1740446897576 0.2 84
1740446897681 0.2 85
1740446897792 0.2 86
1740446897901 0.2 87
1740446898975 0.2 88
1740446899129 0.2 89
1740446899254 0.2 90
1740446899369 0.2 91
1740446899488 0.2 92
1740446900796 0.2 93
1740446901426 0.2 94
1740446901572 0.2 95
1740446901711 0.2 96
1740446901860 0.2 97
1740446901964 0.2 98
1740446902874 0.2 99
1740446903088 0.2 100
1740446903276 0.2 101
1740446903456 0.2 102
1740446903659 0.2 103
1740446904488 0.2 104
1740446904615 0.2 105
1740446904741 0.2 106
1740446904847 0.2 107
1740446904960 0.2 108
1740446905577 0.2 109
1740446905692 0.2 110
1740446905795 0.2 111
1740446905901 0.2 112
1740446906022 0.2 113
1740446906783 0.2 114
1740446906911 0.2 115
1740446907027 0.2 116
1740446907137 0.2 117
1740446907245 0.2 118
1740446907938 0.2 119
1740446908048 0.2 120
