1740446638777 -8.514528274536133 61
1740446639636 -8.514528274536133 62
1740446640223 -8.514528274536133 63
1740446640325 -8.514528274536133 64
1740446640411 -8.514528274536133 65
1740446640495 -8.514528274536133 66
1740446640579 -8.514528274536133 67
1740446641178 -8.514528274536133 68
1740446641285 -8.514528274536133 69
1740446641368 -8.514528274536133 70
1740446641450 -8.514528274536133 71
1740446641539 -8.514528274536133 72
1740446642142 -8.514528274536133 73
1740446642286 -8.514528274536133 74
1740446642467 -8.514528274536133 75
1740446642569 -8.514528274536133 76
1740446642722 -8.514528274536133 77
1740446643647 -8.514528274536133 78
1740446643749 -8.514528274536133 79
1740446643875 -8.514528274536133 80
1740446643962 -8.514528274536133 81
1740446644047 -8.514528274536133 82
1740446645037 -8.514528274536133 83
1740446645134 -8.514528274536133 84
1740446645218 -8.514528274536133 85
1740446645302 -8.514528274536133 86
1740446645393 -8.514528274536133 87
1740446646646 -8.514528274536133 88
1740446646761 -8.514528274536133 89
1740446646847 -8.514528274536133 90
1740446646971 -8.514528274536133 91
1740446647056 -8.514528274536133 92
1740446648260 -8.514528274536133 93
1740446648809 -8.514528274536133 94
1740446648930 -8.514528274536133 95
1740446649018 -8.514528274536133 96
1740446649104 -8.514528274536133 97
1740446649198 -8.514528274536133 98
1740446649796 -8.514528274536133 99
1740446649919 -8.514528274536133 100
1740446650003 -8.514528274536133 101
1740446650117 -8.514528274536133 102
1740446650205 -8.514528274536133 103
1740446650872 -8.514528274536133 104
1740446651013 -8.514528274536133 105
1740446651097 -8.514528274536133 106
1740446651184 -8.514528274536133 107
1740446651276 -8.514528274536133 108
1740446652146 -8.514528274536133 109
1740446652273 -8.514528274536133 110
1740446652366 -8.514528274536133 111
1740446652458 -8.514528274536133 112
1740446652546 -8.514528274536133 113
1740446653306 -8.514528274536133 114
1740446653463 -8.514528274536133 115
1740446653611 -8.514528274536133 116
1740446653846 -8.514528274536133 117
1740446654032 -8.514528274536133 118
1740446655307 -8.514528274536133 119
1740446655473 -8.514528274536133 120
1740446684929 -8.516750812530518 61
1740446686777 -8.516750812530518 62
1740446687405 -8.516750812530518 63
1740446687528 -8.516750812530518 64
1740446687627 -8.516750812530518 65
1740446687737 -8.516750812530518 66
1740446687861 -8.516750812530518 67
1740446689229 -8.516750812530518 68
1740446689390 -8.516750812530518 69
1740446689530 -8.516750812530518 70
1740446689682 -8.516750812530518 71
1740446689824 -8.516750812530518 72
1740446691306 -8.516750812530518 73
1740446691435 -8.516750812530518 74
1740446691562 -8.516750812530518 75
1740446691754 -8.516750812530518 76
1740446691956 -8.516750812530518 77
1740446693535 -8.516750812530518 78
1740446693730 -8.516750812530518 79
1740446693980 -8.516750812530518 80
1740446694116 -8.516750812530518 81
1740446694226 -8.516750812530518 82
1740446695307 -8.516750812530518 83
1740446695427 -8.516750812530518 84
1740446695525 -8.516750812530518 85
1740446695655 -8.516750812530518 86
1740446695764 -8.516750812530518 87
1740446697377 -8.516750812530518 88
1740446697523 -8.516750812530518 89
1740446697650 -8.516750812530518 90
1740446697752 -8.516750812530518 91
1740446697869 -8.516750812530518 92
1740446699535 -8.516750812530518 93
1740446700221 -8.516750812530518 94
1740446700382 -8.516750812530518 95
1740446700490 -8.516750812530518 96
1740446700635 -8.516750812530518 97
1740446700740 -8.516750812530518 98
1740446701868 -8.516750812530518 99
1740446702044 -8.516750812530518 100
1740446702179 -8.516750812530518 101
1740446702285 -8.516750812530518 102
1740446702383 -8.516750812530518 103
1740446703705 -8.516750812530518 104
1740446703820 -8.516750812530518 105
1740446703915 -8.516750812530518 106
1740446704015 -8.516750812530518 107
1740446704152 -8.516750812530518 108
1740446705400 -8.516750812530518 109
1740446705549 -8.516750812530518 110
1740446705702 -8.516750812530518 111
1740446705852 -8.516750812530518 112
1740446705992 -8.516750812530518 113
1740446707370 -8.516750812530518 114
1740446707480 -8.516750812530518 115
1740446707572 -8.516750812530518 116
1740446707673 -8.516750812530518 117
1740446707808 -8.516750812530518 118
1740446709347 -8.516750812530518 119
1740446709471 -8.516750812530518 120
1740446748876 -8.518550395965576 61
1740446750097 -8.518550395965576 62
1740446750838 -8.518550395965576 63
1740446750976 -8.518550395965576 64
1740446751115 -8.518550395965576 65
1740446751290 -8.518550395965576 66
1740446751430 -8.518550395965576 67
1740446752225 -8.518550395965576 68
1740446752429 -8.518550395965576 69
1740446752581 -8.518550395965576 70
1740446752711 -8.518550395965576 71
1740446752876 -8.518550395965576 72
1740446754108 -8.518550395965576 73
1740446754309 -8.518550395965576 74
1740446754474 -8.518550395965576 75
1740446754624 -8.518550395965576 76
1740446754843 -8.518550395965576 77
1740446756208 -8.518550395965576 78
1740446756383 -8.518550395965576 79
1740446756559 -8.518550395965576 80
1740446756726 -8.518550395965576 81
1740446756861 -8.518550395965576 82
1740446757943 -8.518550395965576 83
1740446758105 -8.518550395965576 84
1740446758262 -8.518550395965576 85
1740446758408 -8.518550395965576 86
1740446758563 -8.518550395965576 87
1740446759860 -8.518550395965576 88
1740446760014 -8.518550395965576 89
1740446760169 -8.518550395965576 90
1740446760354 -8.518550395965576 91
1740446760485 -8.518550395965576 92
1740446761437 -8.518550395965576 93
1740446761939 -8.518550395965576 94
1740446762061 -8.518550395965576 95
1740446762159 -8.518550395965576 96
1740446762258 -8.518550395965576 97
1740446762357 -8.518550395965576 98
1740446762885 -8.518550395965576 99
1740446762993 -8.518550395965576 100
1740446763111 -8.518550395965576 101
1740446763209 -8.518550395965576 102
1740446763320 -8.518550395965576 103
1740446763915 -8.518550395965576 104
1740446764034 -8.518550395965576 105
1740446764134 -8.518550395965576 106
1740446764238 -8.518550395965576 107
1740446764339 -8.518550395965576 108
1740446764982 -8.518550395965576 109
1740446765092 -8.518550395965576 110
1740446765191 -8.518550395965576 111
1740446765295 -8.518550395965576 112
1740446765396 -8.518550395965576 113
1740446766064 -8.518550395965576 114
1740446766176 -8.518550395965576 115
1740446766276 -8.518550395965576 116
1740446766379 -8.518550395965576 117
1740446766491 -8.518550395965576 118
1740446767158 -8.518550395965576 119
1740446767270 -8.518550395965576 120
1740446797987 -8.518403053283691 61
1740446798953 -8.518403053283691 62
1740446799554 -8.518403053283691 63
1740446799665 -8.518403053283691 64
1740446799768 -8.518403053283691 65
1740446799873 -8.518403053283691 66
1740446799989 -8.518403053283691 67
1740446800586 -8.518403053283691 68
1740446800729 -8.518403053283691 69
1740446800894 -8.518403053283691 70
1740446801053 -8.518403053283691 71
1740446801176 -8.518403053283691 72
1740446801887 -8.518403053283691 73
1740446802068 -8.518403053283691 74
1740446802250 -8.518403053283691 75
1740446802423 -8.518403053283691 76
1740446802588 -8.518403053283691 77
1740446803648 -8.518403053283691 78
1740446803957 -8.518403053283691 79
1740446804170 -8.518403053283691 80
1740446804355 -8.518403053283691 81
1740446804489 -8.518403053283691 82
1740446805455 -8.518403053283691 83
1740446805615 -8.518403053283691 84
1740446805738 -8.518403053283691 85
1740446805852 -8.518403053283691 86
1740446805959 -8.518403053283691 87
1740446806723 -8.518403053283691 88
1740446806847 -8.518403053283691 89
1740446806966 -8.518403053283691 90
1740446807083 -8.518403053283691 91
1740446807205 -8.518403053283691 92
1740446808003 -8.518403053283691 93
1740446808603 -8.518403053283691 94
1740446808758 -8.518403053283691 95
1740446808868 -8.518403053283691 96
1740446808987 -8.518403053283691 97
1740446809095 -8.518403053283691 98
1740446809832 -8.518403053283691 99
1740446809995 -8.518403053283691 100
1740446810217 -8.518403053283691 101
1740446810378 -8.518403053283691 102
1740446810511 -8.518403053283691 103
1740446811432 -8.518403053283691 104
1740446811547 -8.518403053283691 105
1740446811656 -8.518403053283691 106
1740446811771 -8.518403053283691 107
1740446811881 -8.518403053283691 108
1740446812620 -8.518403053283691 109
1740446812741 -8.518403053283691 110
1740446812899 -8.518403053283691 111
1740446813013 -8.518403053283691 112
1740446813135 -8.518403053283691 113
1740446814093 -8.518403053283691 114
1740446814213 -8.518403053283691 115
1740446814323 -8.518403053283691 116
1740446814435 -8.518403053283691 117
1740446814546 -8.518403053283691 118
1740446815529 -8.518403053283691 119
1740446815644 -8.518403053283691 120
1740446848377 -8.517751216888428 61
1740446849351 -8.517751216888428 62
1740446849879 -8.517751216888428 63
1740446849988 -8.517751216888428 64
1740446850106 -8.517751216888428 65
1740446850208 -8.517751216888428 66
1740446850314 -8.517751216888428 67
1740446850965 -8.517751216888428 68
1740446851079 -8.517751216888428 69
1740446851183 -8.517751216888428 70
1740446851288 -8.517751216888428 71
1740446851395 -8.517751216888428 72
1740446852135 -8.517751216888428 73
1740446852248 -8.517751216888428 74
1740446852353 -8.517751216888428 75
1740446852460 -8.517751216888428 76
1740446852569 -8.517751216888428 77
1740446853430 -8.517751216888428 78
1740446853547 -8.517751216888428 79
1740446853651 -8.517751216888428 80
1740446853770 -8.517751216888428 81
1740446853874 -8.517751216888428 82
1740446854723 -8.517751216888428 83
1740446854836 -8.517751216888428 84
1740446854947 -8.517751216888428 85
1740446855052 -8.517751216888428 86
1740446855159 -8.517751216888428 87
1740446856028 -8.517751216888428 88
1740446856143 -8.517751216888428 89
1740446856246 -8.517751216888428 90
1740446856351 -8.517751216888428 91
1740446856457 -8.517751216888428 92
1740446857329 -8.517751216888428 93
1740446857859 -8.517751216888428 94
1740446857972 -8.517751216888428 95
1740446858078 -8.517751216888428 96
1740446858183 -8.517751216888428 97
1740446858291 -8.517751216888428 98
1740446858966 -8.517751216888428 99
1740446859085 -8.517751216888428 100
1740446859189 -8.517751216888428 101
1740446859295 -8.517751216888428 102
1740446859402 -8.517751216888428 103
1740446860202 -8.517751216888428 104
1740446860308 -8.517751216888428 105
1740446860413 -8.517751216888428 106
1740446860519 -8.517751216888428 107
1740446860624 -8.517751216888428 108
1740446861387 -8.517751216888428 109
1740446861501 -8.517751216888428 110
1740446861607 -8.517751216888428 111
1740446861716 -8.517751216888428 112
1740446861837 -8.517751216888428 113
1740446862681 -8.517751216888428 114
1740446862797 -8.517751216888428 115
1740446862907 -8.517751216888428 116
1740446863016 -8.517751216888428 117
1740446863128 -8.517751216888428 118
1740446864148 -8.517751216888428 119
1740446864268 -8.517751216888428 120
1740446889353 -8.517631530761719 61
1740446890727 -8.517631530761719 62
1740446891706 -8.517631530761719 63
1740446891904 -8.517631530761719 64
1740446892132 -8.517631530761719 65
1740446892292 -8.517631530761719 66
1740446892424 -8.517631530761719 67
1740446893171 -8.517631530761719 68
1740446893314 -8.517631530761719 69
1740446893450 -8.517631530761719 70
1740446893572 -8.517631530761719 71
1740446893689 -8.517631530761719 72
1740446894501 -8.517631530761719 73
1740446894615 -8.517631530761719 74
1740446894729 -8.517631530761719 75
1740446894857 -8.517631530761719 76
1740446894972 -8.517631530761719 77
1740446895921 -8.517631530761719 78
1740446896040 -8.517631530761719 79
1740446896152 -8.517631530761719 80
1740446896263 -8.517631530761719 81
1740446896387 -8.517631530761719 82
1740446897448 -8.517631530761719 83
1740446897566 -8.517631530761719 84
1740446897672 -8.517631530761719 85
1740446897782 -8.517631530761719 86
1740446897891 -8.517631530761719 87
1740446898962 -8.517631530761719 88
1740446899117 -8.517631530761719 89
1740446899245 -8.517631530761719 90
1740446899359 -8.517631530761719 91
1740446899476 -8.517631530761719 92
1740446900785 -8.517631530761719 93
1740446901413 -8.517631530761719 94
1740446901561 -8.517631530761719 95
1740446901697 -8.517631530761719 96
1740446901848 -8.517631530761719 97
1740446901955 -8.517631530761719 98
1740446902858 -8.517631530761719 99
1740446903073 -8.517631530761719 100
1740446903260 -8.517631530761719 101
1740446903441 -8.517631530761719 102
1740446903643 -8.517631530761719 103
1740446904477 -8.517631530761719 104
1740446904606 -8.517631530761719 105
1740446904731 -8.517631530761719 106
1740446904837 -8.517631530761719 107
1740446904949 -8.517631530761719 108
1740446905566 -8.517631530761719 109
1740446905682 -8.517631530761719 110
1740446905785 -8.517631530761719 111
1740446905891 -8.517631530761719 112
1740446906009 -8.517631530761719 113
1740446906771 -8.517631530761719 114
1740446906899 -8.517631530761719 115
1740446907015 -8.517631530761719 116
1740446907126 -8.517631530761719 117
1740446907234 -8.517631530761719 118
1740446907928 -8.517631530761719 119
1740446908039 -8.517631530761719 120
