1740446638782 -0.030486106872558594 61
1740446639651 -0.030486106872558594 62
1740446640230 -0.030486106872558594 63
1740446640330 -0.030486106872558594 64
1740446640416 -0.030486106872558594 65
1740446640500 -0.030486106872558594 66
1740446640584 -0.030486106872558594 67
1740446641188 -0.030486106872558594 68
1740446641290 -0.030486106872558594 69
1740446641373 -0.030486106872558594 70
1740446641455 -0.030486106872558594 71
1740446641544 -0.030486106872558594 72
1740446642147 -0.030486106872558594 73
1740446642296 -0.030486106872558594 74
1740446642472 -0.030486106872558594 75
1740446642574 -0.030486106872558594 76
1740446642727 -0.030486106872558594 77
1740446643652 -0.030486106872558594 78
1740446643754 -0.030486106872558594 79
1740446643881 -0.030486106872558594 80
1740446643968 -0.030486106872558594 81
1740446644053 -0.030486106872558594 82
1740446645046 -0.030486106872558594 83
1740446645139 -0.030486106872558594 84
1740446645223 -0.030486106872558594 85
1740446645307 -0.030486106872558594 86
1740446645398 -0.030486106872558594 87
1740446646651 -0.030486106872558594 88
1740446646766 -0.030486106872558594 89
1740446646854 -0.030486106872558594 90
1740446646976 -0.030486106872558594 91
1740446647061 -0.030486106872558594 92
1740446648266 -0.030486106872558594 93
1740446648816 -0.030486106872558594 94
1740446648938 -0.030486106872558594 95
1740446649023 -0.030486106872558594 96
1740446649109 -0.030486106872558594 97
1740446649203 -0.030486106872558594 98
1740446649802 -0.030486106872558594 99
1740446649924 -0.030486106872558594 100
1740446650010 -0.030486106872558594 101
1740446650122 -0.030486106872558594 102
1740446650212 -0.030486106872558594 103
1740446650887 -0.030486106872558594 104
1740446651018 -0.030486106872558594 105
1740446651102 -0.030486106872558594 106
1740446651189 -0.030486106872558594 107
1740446651282 -0.030486106872558594 108
1740446652151 -0.030486106872558594 109
1740446652278 -0.030486106872558594 110
1740446652371 -0.030486106872558594 111
1740446652464 -0.030486106872558594 112
1740446652552 -0.030486106872558594 113
1740446653316 -0.030486106872558594 114
1740446653472 -0.030486106872558594 115
1740446653618 -0.030486106872558594 116
1740446653857 -0.030486106872558594 117
1740446654039 -0.030486106872558594 118
1740446655317 -0.030486106872558594 119
1740446655478 -0.030486106872558594 120
1740446684945 -0.04315185546875 61
1740446686782 -0.04315185546875 62
1740446687414 -0.04315185546875 63
1740446687536 -0.04315185546875 64
1740446687633 -0.04315185546875 65
1740446687745 -0.04315185546875 66
1740446687869 -0.04315185546875 67
1740446689237 -0.04315185546875 68
1740446689395 -0.04315185546875 69
1740446689536 -0.04315185546875 70
1740446689687 -0.04315185546875 71
1740446689830 -0.04315185546875 72
1740446691314 -0.04315185546875 73
1740446691442 -0.04315185546875 74
1740446691568 -0.04315185546875 75
1740446691761 -0.04315185546875 76
1740446691962 -0.04315185546875 77
1740446693550 -0.04315185546875 78
1740446693748 -0.04315185546875 79
1740446693992 -0.04315185546875 80
1740446694125 -0.04315185546875 81
1740446694232 -0.04315185546875 82
1740446695319 -0.04315185546875 83
1740446695433 -0.04315185546875 84
1740446695532 -0.04315185546875 85
1740446695664 -0.04315185546875 86
1740446695773 -0.04315185546875 87
1740446697392 -0.04315185546875 88
1740446697532 -0.04315185546875 89
1740446697656 -0.04315185546875 90
1740446697759 -0.04315185546875 91
1740446697876 -0.04315185546875 92
1740446699542 -0.04315185546875 93
1740446700234 -0.04315185546875 94
1740446700388 -0.04315185546875 95
1740446700498 -0.04315185546875 96
1740446700640 -0.04315185546875 97
1740446700747 -0.04315185546875 98
1740446701878 -0.04315185546875 99
1740446702049 -0.04315185546875 100
1740446702185 -0.04315185546875 101
1740446702290 -0.04315185546875 102
1740446702392 -0.04315185546875 103
1740446703713 -0.04315185546875 104
1740446703826 -0.04315185546875 105
1740446703923 -0.04315185546875 106
1740446704024 -0.04315185546875 107
1740446704163 -0.04315185546875 108
1740446705412 -0.04315185546875 109
1740446705554 -0.04315185546875 110
1740446705709 -0.04315185546875 111
1740446705859 -0.04315185546875 112
1740446706000 -0.04315185546875 113
1740446707375 -0.04315185546875 114
1740446707485 -0.04315185546875 115
1740446707577 -0.04315185546875 116
1740446707678 -0.04315185546875 117
1740446707812 -0.04315185546875 118
1740446709352 -0.04315185546875 119
1740446709477 -0.04315185546875 120
1740446748881 0.06258022785186768 61
1740446750102 0.06258022785186768 62
1740446750843 0.06258022785186768 63
1740446750980 0.06258022785186768 64
1740446751124 0.06258022785186768 65
1740446751295 0.06258022785186768 66
1740446751435 0.06258022785186768 67
1740446752242 0.06258022785186768 68
1740446752437 0.06258022785186768 69
1740446752588 0.06258022785186768 70
1740446752723 0.06258022785186768 71
1740446752887 0.06258022785186768 72
1740446754115 0.06258022785186768 73
1740446754318 0.06258022785186768 74
1740446754481 0.06258022785186768 75
1740446754631 0.06258022785186768 76
1740446754855 0.06258022785186768 77
1740446756216 0.06258022785186768 78
1740446756391 0.06258022785186768 79
1740446756566 0.06258022785186768 80
1740446756735 0.06258022785186768 81
1740446756869 0.06258022785186768 82
1740446757952 0.06258022785186768 83
1740446758112 0.06258022785186768 84
1740446758269 0.06258022785186768 85
1740446758414 0.06258022785186768 86
1740446758569 0.06258022785186768 87
1740446759867 0.06258022785186768 88
1740446760024 0.06258022785186768 89
1740446760179 0.06258022785186768 90
1740446760361 0.06258022785186768 91
1740446760491 0.06258022785186768 92
1740446761443 0.06258022785186768 93
1740446761944 0.06258022785186768 94
1740446762068 0.06258022785186768 95
1740446762165 0.06258022785186768 96
1740446762264 0.06258022785186768 97
1740446762363 0.06258022785186768 98
1740446762891 0.06258022785186768 99
1740446762999 0.06258022785186768 100
1740446763118 0.06258022785186768 101
1740446763215 0.06258022785186768 102
1740446763326 0.06258022785186768 103
1740446763921 0.06258022785186768 104
1740446764041 0.06258022785186768 105
1740446764140 0.06258022785186768 106
1740446764244 0.06258022785186768 107
1740446764345 0.06258022785186768 108
1740446764988 0.06258022785186768 109
1740446765098 0.06258022785186768 110
1740446765198 0.06258022785186768 111
1740446765301 0.06258022785186768 112
1740446765402 0.06258022785186768 113
1740446766070 0.06258022785186768 114
1740446766182 0.06258022785186768 115
1740446766283 0.06258022785186768 116
1740446766384 0.06258022785186768 117
1740446766497 0.06258022785186768 118
1740446767165 0.06258022785186768 119
1740446767276 0.06258022785186768 120
1740446797993 0.035734713077545166 61
1740446798963 0.035734713077545166 62
1740446799560 0.035734713077545166 63
1740446799671 0.035734713077545166 64
1740446799774 0.035734713077545166 65
1740446799880 0.035734713077545166 66
1740446799997 0.035734713077545166 67
1740446800593 0.035734713077545166 68
1740446800737 0.035734713077545166 69
1740446800902 0.035734713077545166 70
1740446801061 0.035734713077545166 71
1740446801184 0.035734713077545166 72
1740446801896 0.035734713077545166 73
1740446802076 0.035734713077545166 74
1740446802258 0.035734713077545166 75
1740446802433 0.035734713077545166 76
1740446802595 0.035734713077545166 77
1740446803662 0.035734713077545166 78
1740446803970 0.035734713077545166 79
1740446804179 0.035734713077545166 80
1740446804367 0.035734713077545166 81
1740446804497 0.035734713077545166 82
1740446805462 0.035734713077545166 83
1740446805624 0.035734713077545166 84
1740446805745 0.035734713077545166 85
1740446805858 0.035734713077545166 86
1740446805966 0.035734713077545166 87
1740446806730 0.035734713077545166 88
1740446806855 0.035734713077545166 89
1740446806974 0.035734713077545166 90
1740446807090 0.035734713077545166 91
1740446807212 0.035734713077545166 92
1740446808010 0.035734713077545166 93
1740446808609 0.035734713077545166 94
1740446808768 0.035734713077545166 95
1740446808874 0.035734713077545166 96
1740446808994 0.035734713077545166 97
1740446809101 0.035734713077545166 98
1740446809839 0.035734713077545166 99
1740446810007 0.035734713077545166 100
1740446810227 0.035734713077545166 101
1740446810389 0.035734713077545166 102
1740446810525 0.035734713077545166 103
1740446811441 0.035734713077545166 104
1740446811555 0.035734713077545166 105
1740446811664 0.035734713077545166 106
1740446811778 0.035734713077545166 107
1740446811888 0.035734713077545166 108
1740446812627 0.035734713077545166 109
1740446812748 0.035734713077545166 110
1740446812908 0.035734713077545166 111
1740446813020 0.035734713077545166 112
1740446813141 0.035734713077545166 113
1740446814099 0.035734713077545166 114
1740446814220 0.035734713077545166 115
1740446814329 0.035734713077545166 116
1740446814442 0.035734713077545166 117
1740446814552 0.035734713077545166 118
1740446815535 0.035734713077545166 119
1740446815650 0.035734713077545166 120
1740446848384 -0.05683457851409912 61
1740446849357 -0.05683457851409912 62
1740446849885 -0.05683457851409912 63
1740446849995 -0.05683457851409912 64
1740446850112 -0.05683457851409912 65
1740446850215 -0.05683457851409912 66
1740446850320 -0.05683457851409912 67
1740446850972 -0.05683457851409912 68
1740446851085 -0.05683457851409912 69
1740446851189 -0.05683457851409912 70
1740446851294 -0.05683457851409912 71
1740446851401 -0.05683457851409912 72
1740446852141 -0.05683457851409912 73
1740446852254 -0.05683457851409912 74
1740446852359 -0.05683457851409912 75
1740446852466 -0.05683457851409912 76
1740446852575 -0.05683457851409912 77
1740446853437 -0.05683457851409912 78
1740446853554 -0.05683457851409912 79
1740446853658 -0.05683457851409912 80
1740446853776 -0.05683457851409912 81
1740446853881 -0.05683457851409912 82
1740446854730 -0.05683457851409912 83
1740446854842 -0.05683457851409912 84
1740446854953 -0.05683457851409912 85
1740446855058 -0.05683457851409912 86
1740446855167 -0.05683457851409912 87
1740446856035 -0.05683457851409912 88
1740446856149 -0.05683457851409912 89
1740446856253 -0.05683457851409912 90
1740446856358 -0.05683457851409912 91
1740446856464 -0.05683457851409912 92
1740446857335 -0.05683457851409912 93
1740446857866 -0.05683457851409912 94
1740446857978 -0.05683457851409912 95
1740446858084 -0.05683457851409912 96
1740446858189 -0.05683457851409912 97
1740446858298 -0.05683457851409912 98
1740446858977 -0.05683457851409912 99
1740446859091 -0.05683457851409912 100
1740446859195 -0.05683457851409912 101
1740446859302 -0.05683457851409912 102
1740446859408 -0.05683457851409912 103
1740446860209 -0.05683457851409912 104
1740446860314 -0.05683457851409912 105
1740446860419 -0.05683457851409912 106
1740446860525 -0.05683457851409912 107
1740446860630 -0.05683457851409912 108
1740446861393 -0.05683457851409912 109
1740446861508 -0.05683457851409912 110
1740446861613 -0.05683457851409912 111
1740446861722 -0.05683457851409912 112
1740446861843 -0.05683457851409912 113
1740446862687 -0.05683457851409912 114
1740446862803 -0.05683457851409912 115
1740446862913 -0.05683457851409912 116
1740446863023 -0.05683457851409912 117
1740446863135 -0.05683457851409912 118
1740446864154 -0.05683457851409912 119
1740446864274 -0.05683457851409912 120
1740446889362 -0.0617450475692749 61
1740446890740 -0.0617450475692749 62
1740446891716 -0.0617450475692749 63
1740446891917 -0.0617450475692749 64
1740446892144 -0.0617450475692749 65
1740446892301 -0.0617450475692749 66
1740446892432 -0.0617450475692749 67
1740446893178 -0.0617450475692749 68
1740446893323 -0.0617450475692749 69
1740446893459 -0.0617450475692749 70
1740446893579 -0.0617450475692749 71
1740446893697 -0.0617450475692749 72
1740446894507 -0.0617450475692749 73
1740446894621 -0.0617450475692749 74
1740446894736 -0.0617450475692749 75
1740446894864 -0.0617450475692749 76
1740446894979 -0.0617450475692749 77
1740446895927 -0.0617450475692749 78
1740446896047 -0.0617450475692749 79
1740446896159 -0.0617450475692749 80
1740446896269 -0.0617450475692749 81
1740446896393 -0.0617450475692749 82
1740446897455 -0.0617450475692749 83
1740446897573 -0.0617450475692749 84
1740446897678 -0.0617450475692749 85
1740446897789 -0.0617450475692749 86
1740446897898 -0.0617450475692749 87
1740446898971 -0.0617450475692749 88
1740446899125 -0.0617450475692749 89
1740446899251 -0.0617450475692749 90
1740446899366 -0.0617450475692749 91
1740446899484 -0.0617450475692749 92
1740446900793 -0.0617450475692749 93
1740446901423 -0.0617450475692749 94
1740446901569 -0.0617450475692749 95
1740446901707 -0.0617450475692749 96
1740446901857 -0.0617450475692749 97
1740446901961 -0.0617450475692749 98
1740446902869 -0.0617450475692749 99
1740446903083 -0.0617450475692749 100
1740446903269 -0.0617450475692749 101
1740446903452 -0.0617450475692749 102
1740446903654 -0.0617450475692749 103
1740446904485 -0.0617450475692749 104
1740446904612 -0.0617450475692749 105
1740446904738 -0.0617450475692749 106
1740446904844 -0.0617450475692749 107
1740446904957 -0.0617450475692749 108
1740446905573 -0.0617450475692749 109
1740446905689 -0.0617450475692749 110
1740446905792 -0.0617450475692749 111
1740446905897 -0.0617450475692749 112
1740446906018 -0.0617450475692749 113
1740446906780 -0.0617450475692749 114
1740446906907 -0.0617450475692749 115
1740446907024 -0.0617450475692749 116
1740446907133 -0.0617450475692749 117
1740446907241 -0.0617450475692749 118
1740446907934 -0.0617450475692749 119
1740446908045 -0.0617450475692749 120
