1740446638770 0.0003 61
1740446639635 0.0003 62
1740446640221 0.0003 63
1740446640324 0.0003 64
1740446640409 0.0003 65
1740446640494 0.0003 66
1740446640578 0.0003 67
1740446641176 0.0003 68
1740446641284 0.0003 69
1740446641367 0.0003 70
1740446641449 0.0003 71
1740446641538 0.0003 72
1740446642141 0.0003 73
1740446642284 0.0003 74
1740446642466 0.0003 75
1740446642567 0.0003 76
1740446642721 0.0003 77
1740446643646 0.0003 78
1740446643748 0.0003 79
1740446643874 0.0003 80
1740446643961 0.0003 81
1740446644046 0.0003 82
1740446645036 0.0003 83
1740446645133 0.0003 84
1740446645217 0.0003 85
1740446645301 0.0003 86
1740446645392 0.0003 87
1740446646645 0.0003 88
1740446646760 0.0003 89
1740446646846 0.0003 90
1740446646970 0.0003 91
1740446647055 0.0003 92
1740446648258 0.0003 93
1740446648807 0.0003 94
1740446648929 0.0003 95
1740446649017 0.0003 96
1740446649103 0.0003 97
1740446649197 0.0003 98
1740446649794 0.0003 99
1740446649918 0.0003 100
1740446650002 0.0003 101
1740446650116 0.0003 102
1740446650204 0.0003 103
1740446650870 0.0003 104
1740446651011 0.0003 105
1740446651096 0.0003 106
1740446651183 0.0003 107
1740446651275 0.0003 108
1740446652144 0.0003 109
1740446652272 0.0003 110
1740446652365 0.0003 111
1740446652457 0.0003 112
1740446652545 0.0003 113
1740446653305 0.0003 114
1740446653461 0.0003 115
1740446653609 0.0003 116
1740446653844 0.0003 117
1740446654030 0.0003 118
1740446655305 0.0003 119
1740446655471 0.0003 120
1740446684927 0.0003 61
1740446686776 0.0003 62
1740446687403 0.0003 63
1740446687527 0.0003 64
1740446687625 0.0003 65
1740446687735 0.0003 66
1740446687859 0.0003 67
1740446689228 0.0003 68
1740446689388 0.0003 69
1740446689529 0.0003 70
1740446689681 0.0003 71
1740446689822 0.0003 72
1740446691304 0.0003 73
1740446691433 0.0003 74
1740446691561 0.0003 75
1740446691752 0.0003 76
1740446691954 0.0003 77
1740446693532 0.0003 78
1740446693727 0.0003 79
1740446693978 0.0003 80
1740446694114 0.0003 81
1740446694224 0.0003 82
1740446695305 0.0003 83
1740446695425 0.0003 84
1740446695523 0.0003 85
1740446695654 0.0003 86
1740446695762 0.0003 87
1740446697374 0.0003 88
1740446697521 0.0003 89
1740446697648 0.0003 90
1740446697751 0.0003 91
1740446697867 0.0003 92
1740446699534 0.0003 93
1740446700218 0.0003 94
1740446700381 0.0003 95
1740446700489 0.0003 96
1740446700634 0.0003 97
1740446700739 0.0003 98
1740446701867 0.0003 99
1740446702042 0.0003 100
1740446702178 0.0003 101
1740446702284 0.0003 102
1740446702380 0.0003 103
1740446703703 0.0003 104
1740446703819 0.0003 105
1740446703914 0.0003 106
1740446704013 0.0003 107
1740446704150 0.0003 108
1740446705397 0.0003 109
1740446705548 0.0003 110
1740446705701 0.0003 111
1740446705851 0.0003 112
1740446705990 0.0003 113
1740446707369 0.0003 114
1740446707479 0.0003 115
1740446707571 0.0003 116
1740446707672 0.0003 117
1740446707806 0.0003 118
1740446709345 0.0003 119
1740446709470 0.0003 120
1740446748875 0.0003 61
1740446750096 0.0003 62
1740446750837 0.0003 63
1740446750975 0.0003 64
1740446751113 0.0003 65
1740446751289 0.0003 66
1740446751429 0.0003 67
1740446752222 0.0003 68
1740446752428 0.0003 69
1740446752579 0.0003 70
1740446752710 0.0003 71
1740446752874 0.0003 72
1740446754106 0.0003 73
1740446754308 0.0003 74
1740446754472 0.0003 75
1740446754623 0.0003 76
1740446754840 0.0003 77
1740446756206 0.0003 78
1740446756382 0.0003 79
1740446756557 0.0003 80
1740446756725 0.0003 81
1740446756859 0.0003 82
1740446757941 0.0003 83
1740446758104 0.0003 84
1740446758261 0.0003 85
1740446758407 0.0003 86
1740446758561 0.0003 87
1740446759858 0.0003 88
1740446760013 0.0003 89
1740446760166 0.0003 90
1740446760352 0.0003 91
1740446760484 0.0003 92
1740446761436 0.0003 93
1740446761938 0.0003 94
1740446762060 0.0003 95
1740446762158 0.0003 96
1740446762256 0.0003 97
1740446762356 0.0003 98
1740446762884 0.0003 99
1740446762992 0.0003 100
1740446763109 0.0003 101
1740446763208 0.0003 102
1740446763318 0.0003 103
1740446763913 0.0003 104
1740446764033 0.0003 105
1740446764133 0.0003 106
1740446764237 0.0003 107
1740446764338 0.0003 108
1740446764981 0.0003 109
1740446765091 0.0003 110
1740446765190 0.0003 111
1740446765294 0.0003 112
1740446765395 0.0003 113
1740446766063 0.0003 114
1740446766174 0.0003 115
1740446766275 0.0003 116
1740446766377 0.0003 117
1740446766490 0.0003 118
1740446767157 0.0003 119
1740446767269 0.0003 120
1740446797986 0.0003 61
1740446798951 0.0003 62
1740446799552 0.0003 63
1740446799664 0.0003 64
1740446799766 0.0003 65
1740446799872 0.0003 66
1740446799987 0.0003 67
1740446800585 0.0003 68
1740446800728 0.0003 69
1740446800893 0.0003 70
1740446801051 0.0003 71
1740446801175 0.0003 72
1740446801886 0.0003 73
1740446802066 0.0003 74
1740446802249 0.0003 75
1740446802422 0.0003 76
1740446802587 0.0003 77
1740446803646 0.0003 78
1740446803954 0.0003 79
1740446804168 0.0003 80
1740446804353 0.0003 81
1740446804488 0.0003 82
1740446805453 0.0003 83
1740446805614 0.0003 84
1740446805736 0.0003 85
1740446805850 0.0003 86
1740446805958 0.0003 87
1740446806721 0.0003 88
1740446806846 0.0003 89
1740446806965 0.0003 90
1740446807081 0.0003 91
1740446807204 0.0003 92
1740446808001 0.0003 93
1740446808601 0.0003 94
1740446808757 0.0003 95
1740446808867 0.0003 96
1740446808986 0.0003 97
1740446809094 0.0003 98
1740446809830 0.0003 99
1740446809993 0.0003 100
1740446810215 0.0003 101
1740446810376 0.0003 102
1740446810510 0.0003 103
1740446811430 0.0003 104
1740446811545 0.0003 105
1740446811655 0.0003 106
1740446811769 0.0003 107
1740446811880 0.0003 108
1740446812618 0.0003 109
1740446812739 0.0003 110
1740446812897 0.0003 111
1740446813012 0.0003 112
1740446813133 0.0003 113
1740446814091 0.0003 114
1740446814212 0.0003 115
1740446814322 0.0003 116
1740446814434 0.0003 117
1740446814544 0.0003 118
1740446815527 0.0003 119
1740446815642 0.0003 120
1740446848375 0.0003 61
1740446849343 0.0003 62
1740446849877 0.0003 63
1740446849987 0.0003 64
1740446850105 0.0003 65
1740446850207 0.0003 66
1740446850313 0.0003 67
1740446850964 0.0003 68
1740446851078 0.0003 69
1740446851181 0.0003 70
1740446851287 0.0003 71
1740446851393 0.0003 72
1740446852134 0.0003 73
1740446852246 0.0003 74
1740446852351 0.0003 75
1740446852459 0.0003 76
1740446852567 0.0003 77
1740446853428 0.0003 78
1740446853546 0.0003 79
1740446853650 0.0003 80
1740446853769 0.0003 81
1740446853873 0.0003 82
1740446854722 0.0003 83
1740446854835 0.0003 84
1740446854946 0.0003 85
1740446855051 0.0003 86
1740446855158 0.0003 87
1740446856027 0.0003 88
1740446856141 0.0003 89
1740446856244 0.0003 90
1740446856350 0.0003 91
1740446856456 0.0003 92
1740446857327 0.0003 93
1740446857858 0.0003 94
1740446857971 0.0003 95
1740446858076 0.0003 96
1740446858182 0.0003 97
1740446858290 0.0003 98
1740446858965 0.0003 99
1740446859084 0.0003 100
1740446859187 0.0003 101
1740446859294 0.0003 102
1740446859401 0.0003 103
1740446860201 0.0003 104
1740446860307 0.0003 105
1740446860411 0.0003 106
1740446860517 0.0003 107
1740446860623 0.0003 108
1740446861386 0.0003 109
1740446861500 0.0003 110
1740446861606 0.0003 111
1740446861715 0.0003 112
1740446861836 0.0003 113
1740446862680 0.0003 114
1740446862795 0.0003 115
1740446862905 0.0003 116
1740446863015 0.0003 117
1740446863127 0.0003 118
1740446864147 0.0003 119
1740446864266 0.0003 120
1740446889352 0.0003 61
1740446890725 0.0003 62
1740446891704 0.0003 63
1740446891902 0.0003 64
1740446892130 0.0003 65
1740446892291 0.0003 66
1740446892423 0.0003 67
1740446893169 0.0003 68
1740446893312 0.0003 69
1740446893448 0.0003 70
1740446893571 0.0003 71
1740446893688 0.0003 72
1740446894500 0.0003 73
1740446894614 0.0003 74
1740446894728 0.0003 75
1740446894855 0.0003 76
1740446894971 0.0003 77
1740446895919 0.0003 78
1740446896039 0.0003 79
1740446896151 0.0003 80
1740446896262 0.0003 81
1740446896385 0.0003 82
1740446897447 0.0003 83
1740446897565 0.0003 84
1740446897671 0.0003 85
1740446897781 0.0003 86
1740446897890 0.0003 87
1740446898960 0.0003 88
1740446899115 0.0003 89
1740446899243 0.0003 90
1740446899358 0.0003 91
1740446899474 0.0003 92
1740446900783 0.0003 93
1740446901411 0.0003 94
1740446901560 0.0003 95
1740446901695 0.0003 96
1740446901846 0.0003 97
1740446901953 0.0003 98
1740446902856 0.0003 99
1740446903071 0.0003 100
1740446903258 0.0003 101
1740446903440 0.0003 102
1740446903641 0.0003 103
1740446904476 0.0003 104
1740446904605 0.0003 105
1740446904729 0.0003 106
1740446904836 0.0003 107
1740446904948 0.0003 108
1740446905565 0.0003 109
1740446905681 0.0003 110
1740446905784 0.0003 111
1740446905889 0.0003 112
1740446906007 0.0003 113
1740446906769 0.0003 114
1740446906898 0.0003 115
1740446907014 0.0003 116
1740446907125 0.0003 117
1740446907233 0.0003 118
1740446907927 0.0003 119
1740446908038 0.0003 120
