1740446638781 1.6092294454574585 61
1740446639650 1.6092294454574585 62
1740446640229 1.6092294454574585 63
1740446640329 1.6092294454574585 64
1740446640415 1.6092294454574585 65
1740446640499 1.6092294454574585 66
1740446640583 1.6092294454574585 67
1740446641186 1.6092294454574585 68
1740446641289 1.6092294454574585 69
1740446641372 1.6092294454574585 70
1740446641454 1.6092294454574585 71
1740446641543 1.6092294454574585 72
1740446642146 1.6092294454574585 73
1740446642295 1.6092294454574585 74
1740446642471 1.6092294454574585 75
1740446642573 1.6092294454574585 76
1740446642726 1.6092294454574585 77
1740446643651 1.6092294454574585 78
1740446643753 1.6092294454574585 79
1740446643880 1.6092294454574585 80
1740446643967 1.6092294454574585 81
1740446644053 1.6092294454574585 82
1740446645045 1.6092294454574585 83
1740446645138 1.6092294454574585 84
1740446645222 1.6092294454574585 85
1740446645306 1.6092294454574585 86
1740446645397 1.6092294454574585 87
1740446646650 1.6092294454574585 88
1740446646765 1.6092294454574585 89
1740446646852 1.6092294454574585 90
1740446646975 1.6092294454574585 91
1740446647060 1.6092294454574585 92
1740446648265 1.6092294454574585 93
1740446648815 1.6092294454574585 94
1740446648937 1.6092294454574585 95
1740446649023 1.6092294454574585 96
1740446649109 1.6092294454574585 97
1740446649202 1.6092294454574585 98
1740446649801 1.6092294454574585 99
1740446649923 1.6092294454574585 100
1740446650009 1.6092294454574585 101
1740446650121 1.6092294454574585 102
1740446650211 1.6092294454574585 103
1740446650885 1.6092294454574585 104
1740446651017 1.6092294454574585 105
1740446651101 1.6092294454574585 106
1740446651189 1.6092294454574585 107
1740446651281 1.6092294454574585 108
1740446652151 1.6092294454574585 109
1740446652277 1.6092294454574585 110
1740446652370 1.6092294454574585 111
1740446652463 1.6092294454574585 112
1740446652551 1.6092294454574585 113
1740446653314 1.6092294454574585 114
1740446653470 1.6092294454574585 115
1740446653617 1.6092294454574585 116
1740446653855 1.6092294454574585 117
1740446654038 1.6092294454574585 118
1740446655315 1.6092294454574585 119
1740446655477 1.6092294454574585 120
1740446684942 3.1598403453826904 61
1740446686782 3.1598403453826904 62
1740446687412 3.1598403453826904 63
1740446687534 3.1598403453826904 64
1740446687632 3.1598403453826904 65
1740446687744 3.1598403453826904 66
1740446687868 3.1598403453826904 67
1740446689235 3.1598403453826904 68
1740446689394 3.1598403453826904 69
1740446689535 3.1598403453826904 70
1740446689686 3.1598403453826904 71
1740446689829 3.1598403453826904 72
1740446691312 3.1598403453826904 73
1740446691441 3.1598403453826904 74
1740446691567 3.1598403453826904 75
1740446691760 3.1598403453826904 76
1740446691961 3.1598403453826904 77
1740446693548 3.1598403453826904 78
1740446693744 3.1598403453826904 79
1740446693990 3.1598403453826904 80
1740446694124 3.1598403453826904 81
1740446694231 3.1598403453826904 82
1740446695317 3.1598403453826904 83
1740446695432 3.1598403453826904 84
1740446695531 3.1598403453826904 85
1740446695662 3.1598403453826904 86
1740446695771 3.1598403453826904 87
1740446697390 3.1598403453826904 88
1740446697530 3.1598403453826904 89
1740446697655 3.1598403453826904 90
1740446697758 3.1598403453826904 91
1740446697875 3.1598403453826904 92
1740446699541 3.1598403453826904 93
1740446700232 3.1598403453826904 94
1740446700387 3.1598403453826904 95
1740446700497 3.1598403453826904 96
1740446700639 3.1598403453826904 97
1740446700746 3.1598403453826904 98
1740446701876 3.1598403453826904 99
1740446702049 3.1598403453826904 100
1740446702184 3.1598403453826904 101
1740446702289 3.1598403453826904 102
1740446702391 3.1598403453826904 103
1740446703712 3.1598403453826904 104
1740446703826 3.1598403453826904 105
1740446703922 3.1598403453826904 106
1740446704022 3.1598403453826904 107
1740446704162 3.1598403453826904 108
1740446705410 3.1598403453826904 109
1740446705553 3.1598403453826904 110
1740446705707 3.1598403453826904 111
1740446705857 3.1598403453826904 112
1740446705999 3.1598403453826904 113
1740446707374 3.1598403453826904 114
1740446707484 3.1598403453826904 115
1740446707576 3.1598403453826904 116
1740446707677 3.1598403453826904 117
1740446707812 3.1598403453826904 118
1740446709351 3.1598403453826904 119
1740446709476 3.1598403453826904 120
1740446748880 0.9905576109886169 61
1740446750101 0.9905576109886169 62
1740446750842 0.9905576109886169 63
1740446750979 0.9905576109886169 64
1740446751123 0.9905576109886169 65
1740446751295 0.9905576109886169 66
1740446751434 0.9905576109886169 67
1740446752239 0.9905576109886169 68
1740446752436 0.9905576109886169 69
1740446752587 0.9905576109886169 70
1740446752721 0.9905576109886169 71
1740446752885 0.9905576109886169 72
1740446754114 0.9905576109886169 73
1740446754316 0.9905576109886169 74
1740446754480 0.9905576109886169 75
1740446754630 0.9905576109886169 76
1740446754853 0.9905576109886169 77
1740446756215 0.9905576109886169 78
1740446756390 0.9905576109886169 79
1740446756565 0.9905576109886169 80
1740446756734 0.9905576109886169 81
1740446756868 0.9905576109886169 82
1740446757951 0.9905576109886169 83
1740446758111 0.9905576109886169 84
1740446758268 0.9905576109886169 85
1740446758413 0.9905576109886169 86
1740446758568 0.9905576109886169 87
1740446759866 0.9905576109886169 88
1740446760022 0.9905576109886169 89
1740446760178 0.9905576109886169 90
1740446760360 0.9905576109886169 91
1740446760490 0.9905576109886169 92
1740446761442 0.9905576109886169 93
1740446761944 0.9905576109886169 94
1740446762067 0.9905576109886169 95
1740446762164 0.9905576109886169 96
1740446762263 0.9905576109886169 97
1740446762362 0.9905576109886169 98
1740446762890 0.9905576109886169 99
1740446762998 0.9905576109886169 100
1740446763117 0.9905576109886169 101
1740446763214 0.9905576109886169 102
1740446763325 0.9905576109886169 103
1740446763920 0.9905576109886169 104
1740446764040 0.9905576109886169 105
1740446764139 0.9905576109886169 106
1740446764243 0.9905576109886169 107
1740446764344 0.9905576109886169 108
1740446764987 0.9905576109886169 109
1740446765097 0.9905576109886169 110
1740446765197 0.9905576109886169 111
1740446765300 0.9905576109886169 112
1740446765401 0.9905576109886169 113
1740446766069 0.9905576109886169 114
1740446766181 0.9905576109886169 115
1740446766282 0.9905576109886169 116
1740446766384 0.9905576109886169 117
1740446766496 0.9905576109886169 118
1740446767164 0.9905576109886169 119
1740446767275 0.9905576109886169 120
1740446797992 1.5285203456878662 61
1740446798962 1.5285203456878662 62
1740446799559 1.5285203456878662 63
1740446799670 1.5285203456878662 64
1740446799773 1.5285203456878662 65
1740446799879 1.5285203456878662 66
1740446799996 1.5285203456878662 67
1740446800591 1.5285203456878662 68
1740446800736 1.5285203456878662 69
1740446800901 1.5285203456878662 70
1740446801060 1.5285203456878662 71
1740446801183 1.5285203456878662 72
1740446801895 1.5285203456878662 73
1740446802074 1.5285203456878662 74
1740446802256 1.5285203456878662 75
1740446802431 1.5285203456878662 76
1740446802594 1.5285203456878662 77
1740446803660 1.5285203456878662 78
1740446803969 1.5285203456878662 79
1740446804178 1.5285203456878662 80
1740446804365 1.5285203456878662 81
1740446804495 1.5285203456878662 82
1740446805461 1.5285203456878662 83
1740446805623 1.5285203456878662 84
1740446805743 1.5285203456878662 85
1740446805857 1.5285203456878662 86
1740446805965 1.5285203456878662 87
1740446806729 1.5285203456878662 88
1740446806853 1.5285203456878662 89
1740446806973 1.5285203456878662 90
1740446807089 1.5285203456878662 91
1740446807211 1.5285203456878662 92
1740446808009 1.5285203456878662 93
1740446808608 1.5285203456878662 94
1740446808766 1.5285203456878662 95
1740446808873 1.5285203456878662 96
1740446808993 1.5285203456878662 97
1740446809100 1.5285203456878662 98
1740446809838 1.5285203456878662 99
1740446810005 1.5285203456878662 100
1740446810226 1.5285203456878662 101
1740446810388 1.5285203456878662 102
1740446810522 1.5285203456878662 103
1740446811440 1.5285203456878662 104
1740446811554 1.5285203456878662 105
1740446811662 1.5285203456878662 106
1740446811777 1.5285203456878662 107
1740446811887 1.5285203456878662 108
1740446812626 1.5285203456878662 109
1740446812747 1.5285203456878662 110
1740446812907 1.5285203456878662 111
1740446813019 1.5285203456878662 112
1740446813140 1.5285203456878662 113
1740446814098 1.5285203456878662 114
1740446814219 1.5285203456878662 115
1740446814328 1.5285203456878662 116
1740446814440 1.5285203456878662 117
1740446814551 1.5285203456878662 118
1740446815534 1.5285203456878662 119
1740446815649 1.5285203456878662 120
1740446848383 2.152275562286377 61
1740446849356 2.152275562286377 62
1740446849884 2.152275562286377 63
1740446849994 2.152275562286377 64
1740446850111 2.152275562286377 65
1740446850214 2.152275562286377 66
1740446850319 2.152275562286377 67
1740446850971 2.152275562286377 68
1740446851084 2.152275562286377 69
1740446851188 2.152275562286377 70
1740446851293 2.152275562286377 71
1740446851400 2.152275562286377 72
1740446852140 2.152275562286377 73
1740446852253 2.152275562286377 74
1740446852358 2.152275562286377 75
1740446852465 2.152275562286377 76
1740446852574 2.152275562286377 77
1740446853436 2.152275562286377 78
1740446853553 2.152275562286377 79
1740446853657 2.152275562286377 80
1740446853775 2.152275562286377 81
1740446853880 2.152275562286377 82
1740446854729 2.152275562286377 83
1740446854841 2.152275562286377 84
1740446854953 2.152275562286377 85
1740446855057 2.152275562286377 86
1740446855166 2.152275562286377 87
1740446856034 2.152275562286377 88
1740446856148 2.152275562286377 89
1740446856252 2.152275562286377 90
1740446856357 2.152275562286377 91
1740446856463 2.152275562286377 92
1740446857334 2.152275562286377 93
1740446857865 2.152275562286377 94
1740446857977 2.152275562286377 95
1740446858083 2.152275562286377 96
1740446858188 2.152275562286377 97
1740446858297 2.152275562286377 98
1740446858976 2.152275562286377 99
1740446859090 2.152275562286377 100
1740446859194 2.152275562286377 101
1740446859301 2.152275562286377 102
1740446859407 2.152275562286377 103
1740446860208 2.152275562286377 104
1740446860313 2.152275562286377 105
1740446860418 2.152275562286377 106
1740446860524 2.152275562286377 107
1740446860629 2.152275562286377 108
1740446861392 2.152275562286377 109
1740446861507 2.152275562286377 110
1740446861612 2.152275562286377 111
1740446861721 2.152275562286377 112
1740446861842 2.152275562286377 113
1740446862686 2.152275562286377 114
1740446862802 2.152275562286377 115
1740446862912 2.152275562286377 116
1740446863022 2.152275562286377 117
1740446863134 2.152275562286377 118
1740446864153 2.152275562286377 119
1740446864273 2.152275562286377 120
1740446889360 1.769105315208435 61
1740446890738 1.769105315208435 62
1740446891715 1.769105315208435 63
1740446891916 1.769105315208435 64
1740446892142 1.769105315208435 65
1740446892300 1.769105315208435 66
1740446892431 1.769105315208435 67
1740446893177 1.769105315208435 68
1740446893322 1.769105315208435 69
1740446893458 1.769105315208435 70
1740446893578 1.769105315208435 71
1740446893695 1.769105315208435 72
1740446894506 1.769105315208435 73
1740446894620 1.769105315208435 74
1740446894735 1.769105315208435 75
1740446894863 1.769105315208435 76
1740446894977 1.769105315208435 77
1740446895926 1.769105315208435 78
1740446896046 1.769105315208435 79
1740446896158 1.769105315208435 80
1740446896268 1.769105315208435 81
1740446896392 1.769105315208435 82
1740446897453 1.769105315208435 83
1740446897572 1.769105315208435 84
1740446897677 1.769105315208435 85
1740446897788 1.769105315208435 86
1740446897896 1.769105315208435 87
1740446898969 1.769105315208435 88
1740446899124 1.769105315208435 89
1740446899250 1.769105315208435 90
1740446899365 1.769105315208435 91
1740446899483 1.769105315208435 92
1740446900791 1.769105315208435 93
1740446901421 1.769105315208435 94
1740446901567 1.769105315208435 95
1740446901705 1.769105315208435 96
1740446901856 1.769105315208435 97
1740446901960 1.769105315208435 98
1740446902867 1.769105315208435 99
1740446903081 1.769105315208435 100
1740446903267 1.769105315208435 101
1740446903451 1.769105315208435 102
1740446903651 1.769105315208435 103
1740446904483 1.769105315208435 104
1740446904611 1.769105315208435 105
1740446904736 1.769105315208435 106
1740446904842 1.769105315208435 107
1740446904955 1.769105315208435 108
1740446905572 1.769105315208435 109
1740446905687 1.769105315208435 110
1740446905791 1.769105315208435 111
1740446905896 1.769105315208435 112
1740446906016 1.769105315208435 113
1740446906778 1.769105315208435 114
1740446906905 1.769105315208435 115
1740446907023 1.769105315208435 116
1740446907132 1.769105315208435 117
1740446907240 1.769105315208435 118
1740446907933 1.769105315208435 119
1740446908044 1.769105315208435 120
