1740446638784 1.0 61
1740446639653 1.0 62
1740446640233 1.0 63
1740446640332 1.0 64
1740446640417 1.0 65
1740446640501 1.0 66
1740446640586 1.0 67
1740446641191 1.0 68
1740446641292 1.0 69
1740446641375 1.0 70
1740446641456 1.0 71
1740446641545 1.0 72
1740446642149 1.0 73
1740446642299 1.0 74
1740446642473 1.0 75
1740446642575 1.0 76
1740446642729 1.0 77
1740446643653 1.0 78
1740446643756 1.0 79
1740446643883 1.0 80
1740446643970 1.0 81
1740446644055 1.0 82
1740446645048 1.0 83
1740446645141 1.0 84
1740446645225 1.0 85
1740446645309 1.0 86
1740446645400 1.0 87
1740446646653 1.0 88
1740446646767 1.0 89
1740446646855 1.0 90
1740446646978 1.0 91
1740446647062 1.0 92
1740446648267 1.0 93
1740446648819 1.0 94
1740446648939 1.0 95
1740446649025 1.0 96
1740446649111 1.0 97
1740446649205 1.0 98
1740446649803 1.0 99
1740446649926 1.0 100
1740446650012 1.0 101
1740446650124 1.0 102
1740446650214 1.0 103
1740446650891 1.0 104
1740446651019 1.0 105
1740446651103 1.0 106
1740446651191 1.0 107
1740446651284 1.0 108
1740446652153 1.0 109
1740446652279 1.0 110
1740446652373 1.0 111
1740446652465 1.0 112
1740446652553 1.0 113
1740446653318 1.0 114
1740446653474 1.0 115
1740446653620 1.0 116
1740446653861 1.0 117
1740446654042 1.0 118
1740446655320 1.0 119
1740446655480 1.0 120
1740446684948 3.0 61
1740446686784 3.0 62
1740446687418 3.0 63
1740446687537 3.0 64
1740446687635 3.0 65
1740446687747 3.0 66
1740446687871 3.0 67
1740446689239 3.0 68
1740446689397 3.0 69
1740446689538 3.0 70
1740446689690 3.0 71
1740446689832 3.0 72
1740446691315 3.0 73
1740446691444 3.0 74
1740446691571 3.0 75
1740446691764 3.0 76
1740446691964 3.0 77
1740446693554 3.0 78
1740446693754 3.0 79
1740446693996 3.0 80
1740446694128 3.0 81
1740446694234 3.0 82
1740446695322 3.0 83
1740446695435 3.0 84
1740446695534 3.0 85
1740446695666 3.0 86
1740446695775 3.0 87
1740446697397 3.0 88
1740446697534 3.0 89
1740446697658 3.0 90
1740446697761 3.0 91
1740446697880 3.0 92
1740446699544 3.0 93
1740446700237 3.0 94
1740446700390 3.0 95
1740446700500 3.0 96
1740446700641 3.0 97
1740446700749 3.0 98
1740446701881 3.0 99
1740446702051 3.0 100
1740446702187 3.0 101
1740446702292 3.0 102
1740446702395 3.0 103
1740446703716 3.0 104
1740446703828 3.0 105
1740446703924 3.0 106
1740446704026 3.0 107
1740446704166 3.0 108
1740446705416 3.0 109
1740446705556 3.0 110
1740446705713 3.0 111
1740446705861 3.0 112
1740446706002 3.0 113
1740446707377 3.0 114
1740446707487 3.0 115
1740446707579 3.0 116
1740446707679 3.0 117
1740446707814 3.0 118
1740446709353 3.0 119
1740446709478 3.0 120
1740446748882 5.0 61
1740446750104 5.0 62
1740446750844 5.0 63
1740446750982 5.0 64
1740446751127 5.0 65
1740446751297 5.0 66
1740446751436 5.0 67
1740446752248 5.0 68
1740446752439 5.0 69
1740446752590 5.0 70
1740446752726 5.0 71
1740446752889 5.0 72
1740446754119 5.0 73
1740446754320 5.0 74
1740446754483 5.0 75
1740446754633 5.0 76
1740446754859 5.0 77
1740446756220 5.0 78
1740446756394 5.0 79
1740446756568 5.0 80
1740446756738 5.0 81
1740446756872 5.0 82
1740446757955 5.0 83
1740446758114 5.0 84
1740446758272 5.0 85
1740446758416 5.0 86
1740446758571 5.0 87
1740446759869 5.0 88
1740446760026 5.0 89
1740446760183 5.0 90
1740446760364 5.0 91
1740446760493 5.0 92
1740446761445 5.0 93
1740446761946 5.0 94
1740446762071 5.0 95
1740446762167 5.0 96
1740446762266 5.0 97
1740446762365 5.0 98
1740446762893 5.0 99
1740446763001 5.0 100
1740446763120 5.0 101
1740446763217 5.0 102
1740446763328 5.0 103
1740446763923 5.0 104
1740446764043 5.0 105
1740446764142 5.0 106
1740446764246 5.0 107
1740446764347 5.0 108
1740446764990 5.0 109
1740446765100 5.0 110
1740446765200 5.0 111
1740446765303 5.0 112
1740446765404 5.0 113
1740446766072 5.0 114
1740446766184 5.0 115
1740446766285 5.0 116
1740446766386 5.0 117
1740446766499 5.0 118
1740446767167 5.0 119
1740446767278 5.0 120
1740446797995 7.0 61
1740446798966 7.0 62
1740446799562 7.0 63
1740446799673 7.0 64
1740446799776 7.0 65
1740446799882 7.0 66
1740446799999 7.0 67
1740446800595 7.0 68
1740446800740 7.0 69
1740446800904 7.0 70
1740446801063 7.0 71
1740446801186 7.0 72
1740446801899 7.0 73
1740446802078 7.0 74
1740446802260 7.0 75
1740446802435 7.0 76
1740446802597 7.0 77
1740446803667 7.0 78
1740446803974 7.0 79
1740446804182 7.0 80
1740446804369 7.0 81
1740446804499 7.0 82
1740446805465 7.0 83
1740446805627 7.0 84
1740446805747 7.0 85
1740446805860 7.0 86
1740446805968 7.0 87
1740446806732 7.0 88
1740446806857 7.0 89
1740446806977 7.0 90
1740446807092 7.0 91
1740446807214 7.0 92
1740446808012 7.0 93
1740446808611 7.0 94
1740446808770 7.0 95
1740446808876 7.0 96
1740446808996 7.0 97
1740446809103 7.0 98
1740446809842 7.0 99
1740446810011 7.0 100
1740446810232 7.0 101
1740446810392 7.0 102
1740446810529 7.0 103
1740446811444 7.0 104
1740446811557 7.0 105
1740446811666 7.0 106
1740446811780 7.0 107
1740446811890 7.0 108
1740446812630 7.0 109
1740446812752 7.0 110
1740446812911 7.0 111
1740446813022 7.0 112
1740446813143 7.0 113
1740446814101 7.0 114
1740446814222 7.0 115
1740446814331 7.0 116
1740446814444 7.0 117
1740446814554 7.0 118
1740446815537 7.0 119
1740446815652 7.0 120
1740446848386 9.0 61
1740446849359 9.0 62
1740446849887 9.0 63
1740446849997 9.0 64
1740446850114 9.0 65
1740446850217 9.0 66
1740446850322 9.0 67
1740446850974 9.0 68
1740446851087 9.0 69
1740446851191 9.0 70
1740446851296 9.0 71
1740446851403 9.0 72
1740446852143 9.0 73
1740446852256 9.0 74
1740446852361 9.0 75
1740446852468 9.0 76
1740446852577 9.0 77
1740446853439 9.0 78
1740446853556 9.0 79
1740446853660 9.0 80
1740446853778 9.0 81
1740446853882 9.0 82
1740446854732 9.0 83
1740446854844 9.0 84
1740446854955 9.0 85
1740446855060 9.0 86
1740446855169 9.0 87
1740446856038 9.0 88
1740446856151 9.0 89
1740446856255 9.0 90
1740446856360 9.0 91
1740446856466 9.0 92
1740446857337 9.0 93
1740446857868 9.0 94
1740446857980 9.0 95
1740446858086 9.0 96
1740446858191 9.0 97
1740446858300 9.0 98
1740446858979 9.0 99
1740446859093 9.0 100
1740446859197 9.0 101
1740446859304 9.0 102
1740446859410 9.0 103
1740446860211 9.0 104
1740446860316 9.0 105
1740446860421 9.0 106
1740446860527 9.0 107
1740446860633 9.0 108
1740446861395 9.0 109
1740446861510 9.0 110
1740446861615 9.0 111
1740446861725 9.0 112
1740446861845 9.0 113
1740446862689 9.0 114
1740446862805 9.0 115
1740446862915 9.0 116
1740446863025 9.0 117
1740446863137 9.0 118
1740446864156 9.0 119
1740446864276 9.0 120
1740446889364 11.0 61
1740446890743 11.0 62
1740446891720 11.0 63
1740446891921 11.0 64
1740446892149 11.0 65
1740446892304 11.0 66
1740446892435 11.0 67
1740446893181 11.0 68
1740446893325 11.0 69
1740446893462 11.0 70
1740446893581 11.0 71
1740446893699 11.0 72
1740446894509 11.0 73
1740446894623 11.0 74
1740446894739 11.0 75
1740446894866 11.0 76
1740446894981 11.0 77
1740446895930 11.0 78
1740446896049 11.0 79
1740446896161 11.0 80
1740446896271 11.0 81
1740446896395 11.0 82
1740446897457 11.0 83
1740446897575 11.0 84
1740446897680 11.0 85
1740446897791 11.0 86
1740446897900 11.0 87
1740446898973 11.0 88
1740446899127 11.0 89
1740446899253 11.0 90
1740446899368 11.0 91
1740446899487 11.0 92
1740446900795 11.0 93
1740446901425 11.0 94
1740446901571 11.0 95
1740446901710 11.0 96
1740446901859 11.0 97
1740446901963 11.0 98
1740446902872 11.0 99
1740446903087 11.0 100
1740446903274 11.0 101
1740446903455 11.0 102
1740446903658 11.0 103
1740446904487 11.0 104
1740446904614 11.0 105
1740446904740 11.0 106
1740446904846 11.0 107
1740446904959 11.0 108
1740446905576 11.0 109
1740446905691 11.0 110
1740446905794 11.0 111
1740446905899 11.0 112
1740446906020 11.0 113
1740446906782 11.0 114
1740446906910 11.0 115
1740446907026 11.0 116
1740446907136 11.0 117
1740446907244 11.0 118
1740446907937 11.0 119
1740446908047 11.0 120
