1740446638778 -0.0012508411891758442 61
1740446639646 -0.0012508411891758442 62
1740446640224 -0.0012508411891758442 63
1740446640326 -0.0012508411891758442 64
1740446640411 -0.0012508411891758442 65
1740446640496 -0.0012508411891758442 66
1740446640580 -0.0012508411891758442 67
1740446641180 -0.0012508411891758442 68
1740446641286 -0.0012508411891758442 69
1740446641369 -0.0012508411891758442 70
1740446641451 -0.0012508411891758442 71
1740446641540 -0.0012508411891758442 72
1740446642143 -0.0012508411891758442 73
1740446642288 -0.0012508411891758442 74
1740446642468 -0.0012508411891758442 75
1740446642569 -0.0012508411891758442 76
1740446642723 -0.0012508411891758442 77
1740446643648 -0.0012508411891758442 78
1740446643750 -0.0012508411891758442 79
1740446643876 -0.0012508411891758442 80
1740446643963 -0.0012508411891758442 81
1740446644049 -0.0012508411891758442 82
1740446645042 -0.0012508411891758442 83
1740446645135 -0.0012508411891758442 84
1740446645219 -0.0012508411891758442 85
1740446645303 -0.0012508411891758442 86
1740446645394 -0.0012508411891758442 87
1740446646647 -0.0012508411891758442 88
1740446646762 -0.0012508411891758442 89
1740446646848 -0.0012508411891758442 90
1740446646972 -0.0012508411891758442 91
1740446647056 -0.0012508411891758442 92
1740446648261 -0.0012508411891758442 93
1740446648810 -0.0012508411891758442 94
1740446648932 -0.0012508411891758442 95
1740446649019 -0.0012508411891758442 96
1740446649105 -0.0012508411891758442 97
1740446649199 -0.0012508411891758442 98
1740446649797 -0.0012508411891758442 99
1740446649920 -0.0012508411891758442 100
1740446650004 -0.0012508411891758442 101
1740446650118 -0.0012508411891758442 102
1740446650206 -0.0012508411891758442 103
1740446650875 -0.0012508411891758442 104
1740446651013 -0.0012508411891758442 105
1740446651098 -0.0012508411891758442 106
1740446651185 -0.0012508411891758442 107
1740446651277 -0.0012508411891758442 108
1740446652147 -0.0012508411891758442 109
1740446652274 -0.0012508411891758442 110
1740446652367 -0.0012508411891758442 111
1740446652459 -0.0012508411891758442 112
1740446652547 -0.0012508411891758442 113
1740446653308 -0.0012508411891758442 114
1740446653464 -0.0012508411891758442 115
1740446653612 -0.0012508411891758442 116
1740446653848 -0.0012508411891758442 117
1740446654033 -0.0012508411891758442 118
1740446655309 -0.0012508411891758442 119
1740446655474 -0.0012508411891758442 120
1740446684932 0.004394889034301741 61
1740446686778 0.004394889034301741 62
1740446687407 0.004394889034301741 63
1740446687530 0.004394889034301741 64
1740446687628 0.004394889034301741 65
1740446687738 0.004394889034301741 66
1740446687862 0.004394889034301741 67
1740446689231 0.004394889034301741 68
1740446689390 0.004394889034301741 69
1740446689531 0.004394889034301741 70
1740446689683 0.004394889034301741 71
1740446689826 0.004394889034301741 72
1740446691308 0.004394889034301741 73
1740446691436 0.004394889034301741 74
1740446691563 0.004394889034301741 75
1740446691755 0.004394889034301741 76
1740446691957 0.004394889034301741 77
1740446693538 0.004394889034301741 78
1740446693732 0.004394889034301741 79
1740446693983 0.004394889034301741 80
1740446694118 0.004394889034301741 81
1740446694227 0.004394889034301741 82
1740446695310 0.004394889034301741 83
1740446695428 0.004394889034301741 84
1740446695527 0.004394889034301741 85
1740446695657 0.004394889034301741 86
1740446695766 0.004394889034301741 87
1740446697380 0.004394889034301741 88
1740446697525 0.004394889034301741 89
1740446697651 0.004394889034301741 90
1740446697754 0.004394889034301741 91
1740446697870 0.004394889034301741 92
1740446699536 0.004394889034301741 93
1740446700223 0.004394889034301741 94
1740446700383 0.004394889034301741 95
1740446700491 0.004394889034301741 96
1740446700635 0.004394889034301741 97
1740446700741 0.004394889034301741 98
1740446701870 0.004394889034301741 99
1740446702045 0.004394889034301741 100
1740446702180 0.004394889034301741 101
1740446702286 0.004394889034301741 102
1740446702385 0.004394889034301741 103
1740446703707 0.004394889034301741 104
1740446703822 0.004394889034301741 105
1740446703917 0.004394889034301741 106
1740446704016 0.004394889034301741 107
1740446704154 0.004394889034301741 108
1740446705402 0.004394889034301741 109
1740446705550 0.004394889034301741 110
1740446705703 0.004394889034301741 111
1740446705853 0.004394889034301741 112
1740446705994 0.004394889034301741 113
1740446707371 0.004394889034301741 114
1740446707481 0.004394889034301741 115
1740446707573 0.004394889034301741 116
1740446707674 0.004394889034301741 117
1740446707808 0.004394889034301741 118
1740446709348 0.004394889034301741 119
1740446709472 0.004394889034301741 120
1740446748877 -0.004238606314174831 61
1740446750098 -0.004238606314174831 62
1740446750839 -0.004238606314174831 63
1740446750976 -0.004238606314174831 64
1740446751116 -0.004238606314174831 65
1740446751291 -0.004238606314174831 66
1740446751431 -0.004238606314174831 67
1740446752227 -0.004238606314174831 68
1740446752431 -0.004238606314174831 69
1740446752582 -0.004238606314174831 70
1740446752713 -0.004238606314174831 71
1740446752878 -0.004238606314174831 72
1740446754109 -0.004238606314174831 73
1740446754311 -0.004238606314174831 74
1740446754475 -0.004238606314174831 75
1740446754626 -0.004238606314174831 76
1740446754845 -0.004238606314174831 77
1740446756209 -0.004238606314174831 78
1740446756385 -0.004238606314174831 79
1740446756560 -0.004238606314174831 80
1740446756728 -0.004238606314174831 81
1740446756862 -0.004238606314174831 82
1740446757944 -0.004238606314174831 83
1740446758107 -0.004238606314174831 84
1740446758263 -0.004238606314174831 85
1740446758409 -0.004238606314174831 86
1740446758564 -0.004238606314174831 87
1740446759861 -0.004238606314174831 88
1740446760016 -0.004238606314174831 89
1740446760170 -0.004238606314174831 90
1740446760355 -0.004238606314174831 91
1740446760486 -0.004238606314174831 92
1740446761438 -0.004238606314174831 93
1740446761940 -0.004238606314174831 94
1740446762062 -0.004238606314174831 95
1740446762160 -0.004238606314174831 96
1740446762259 -0.004238606314174831 97
1740446762358 -0.004238606314174831 98
1740446762886 -0.004238606314174831 99
1740446762994 -0.004238606314174831 100
1740446763112 -0.004238606314174831 101
1740446763210 -0.004238606314174831 102
1740446763321 -0.004238606314174831 103
1740446763916 -0.004238606314174831 104
1740446764035 -0.004238606314174831 105
1740446764135 -0.004238606314174831 106
1740446764239 -0.004238606314174831 107
1740446764340 -0.004238606314174831 108
1740446764983 -0.004238606314174831 109
1740446765093 -0.004238606314174831 110
1740446765192 -0.004238606314174831 111
1740446765296 -0.004238606314174831 112
1740446765397 -0.004238606314174831 113
1740446766065 -0.004238606314174831 114
1740446766177 -0.004238606314174831 115
1740446766278 -0.004238606314174831 116
1740446766380 -0.004238606314174831 117
1740446766492 -0.004238606314174831 118
1740446767160 -0.004238606314174831 119
1740446767271 -0.004238606314174831 120
1740446797988 -0.0014529151376336813 61
1740446798955 -0.0014529151376336813 62
1740446799555 -0.0014529151376336813 63
1740446799666 -0.0014529151376336813 64
1740446799769 -0.0014529151376336813 65
1740446799874 -0.0014529151376336813 66
1740446799991 -0.0014529151376336813 67
1740446800587 -0.0014529151376336813 68
1740446800731 -0.0014529151376336813 69
1740446800895 -0.0014529151376336813 70
1740446801054 -0.0014529151376336813 71
1740446801177 -0.0014529151376336813 72
1740446801889 -0.0014529151376336813 73
1740446802069 -0.0014529151376336813 74
1740446802252 -0.0014529151376336813 75
1740446802425 -0.0014529151376336813 76
1740446802589 -0.0014529151376336813 77
1740446803650 -0.0014529151376336813 78
1740446803959 -0.0014529151376336813 79
1740446804172 -0.0014529151376336813 80
1740446804357 -0.0014529151376336813 81
1740446804491 -0.0014529151376336813 82
1740446805456 -0.0014529151376336813 83
1740446805617 -0.0014529151376336813 84
1740446805739 -0.0014529151376336813 85
1740446805853 -0.0014529151376336813 86
1740446805960 -0.0014529151376336813 87
1740446806724 -0.0014529151376336813 88
1740446806848 -0.0014529151376336813 89
1740446806968 -0.0014529151376336813 90
1740446807084 -0.0014529151376336813 91
1740446807207 -0.0014529151376336813 92
1740446808004 -0.0014529151376336813 93
1740446808604 -0.0014529151376336813 94
1740446808760 -0.0014529151376336813 95
1740446808869 -0.0014529151376336813 96
1740446808989 -0.0014529151376336813 97
1740446809096 -0.0014529151376336813 98
1740446809833 -0.0014529151376336813 99
1740446809998 -0.0014529151376336813 100
1740446810219 -0.0014529151376336813 101
1740446810381 -0.0014529151376336813 102
1740446810514 -0.0014529151376336813 103
1740446811434 -0.0014529151376336813 104
1740446811549 -0.0014529151376336813 105
1740446811658 -0.0014529151376336813 106
1740446811772 -0.0014529151376336813 107
1740446811882 -0.0014529151376336813 108
1740446812621 -0.0014529151376336813 109
1740446812742 -0.0014529151376336813 110
1740446812900 -0.0014529151376336813 111
1740446813015 -0.0014529151376336813 112
1740446813136 -0.0014529151376336813 113
1740446814094 -0.0014529151376336813 114
1740446814215 -0.0014529151376336813 115
1740446814324 -0.0014529151376336813 116
1740446814436 -0.0014529151376336813 117
1740446814547 -0.0014529151376336813 118
1740446815530 -0.0014529151376336813 119
1740446815645 -0.0014529151376336813 120
1740446848379 -0.0018359025009431207 61
1740446849352 -0.0018359025009431207 62
1740446849880 -0.0018359025009431207 63
1740446849989 -0.0018359025009431207 64
1740446850107 -0.0018359025009431207 65
1740446850209 -0.0018359025009431207 66
1740446850315 -0.0018359025009431207 67
1740446850966 -0.0018359025009431207 68
1740446851080 -0.0018359025009431207 69
1740446851184 -0.0018359025009431207 70
1740446851289 -0.0018359025009431207 71
1740446851396 -0.0018359025009431207 72
1740446852136 -0.0018359025009431207 73
1740446852249 -0.0018359025009431207 74
1740446852354 -0.0018359025009431207 75
1740446852461 -0.0018359025009431207 76
1740446852570 -0.0018359025009431207 77
1740446853431 -0.0018359025009431207 78
1740446853548 -0.0018359025009431207 79
1740446853652 -0.0018359025009431207 80
1740446853771 -0.0018359025009431207 81
1740446853875 -0.0018359025009431207 82
1740446854724 -0.0018359025009431207 83
1740446854837 -0.0018359025009431207 84
1740446854949 -0.0018359025009431207 85
1740446855053 -0.0018359025009431207 86
1740446855161 -0.0018359025009431207 87
1740446856030 -0.0018359025009431207 88
1740446856144 -0.0018359025009431207 89
1740446856247 -0.0018359025009431207 90
1740446856353 -0.0018359025009431207 91
1740446856458 -0.0018359025009431207 92
1740446857330 -0.0018359025009431207 93
1740446857860 -0.0018359025009431207 94
1740446857973 -0.0018359025009431207 95
1740446858079 -0.0018359025009431207 96
1740446858184 -0.0018359025009431207 97
1740446858292 -0.0018359025009431207 98
1740446858971 -0.0018359025009431207 99
1740446859086 -0.0018359025009431207 100
1740446859190 -0.0018359025009431207 101
1740446859296 -0.0018359025009431207 102
1740446859403 -0.0018359025009431207 103
1740446860204 -0.0018359025009431207 104
1740446860309 -0.0018359025009431207 105
1740446860414 -0.0018359025009431207 106
1740446860520 -0.0018359025009431207 107
1740446860625 -0.0018359025009431207 108
1740446861388 -0.0018359025009431207 109
1740446861502 -0.0018359025009431207 110
1740446861608 -0.0018359025009431207 111
1740446861717 -0.0018359025009431207 112
1740446861838 -0.0018359025009431207 113
1740446862682 -0.0018359025009431207 114
1740446862798 -0.0018359025009431207 115
1740446862908 -0.0018359025009431207 116
1740446863017 -0.0018359025009431207 117
1740446863130 -0.0018359025009431207 118
1740446864149 -0.0018359025009431207 119
1740446864269 -0.0018359025009431207 120
1740446889355 0.004430325818248093 61
1740446890729 0.004430325818248093 62
1740446891708 0.004430325818248093 63
1740446891906 0.004430325818248093 64
1740446892134 0.004430325818248093 65
1740446892294 0.004430325818248093 66
1740446892426 0.004430325818248093 67
1740446893172 0.004430325818248093 68
1740446893316 0.004430325818248093 69
1740446893452 0.004430325818248093 70
1740446893573 0.004430325818248093 71
1740446893691 0.004430325818248093 72
1740446894502 0.004430325818248093 73
1740446894616 0.004430325818248093 74
1740446894730 0.004430325818248093 75
1740446894858 0.004430325818248093 76
1740446894973 0.004430325818248093 77
1740446895922 0.004430325818248093 78
1740446896041 0.004430325818248093 79
1740446896153 0.004430325818248093 80
1740446896264 0.004430325818248093 81
1740446896388 0.004430325818248093 82
1740446897449 0.004430325818248093 83
1740446897568 0.004430325818248093 84
1740446897673 0.004430325818248093 85
1740446897784 0.004430325818248093 86
1740446897892 0.004430325818248093 87
1740446898963 0.004430325818248093 88
1740446899118 0.004430325818248093 89
1740446899246 0.004430325818248093 90
1740446899360 0.004430325818248093 91
1740446899477 0.004430325818248093 92
1740446900786 0.004430325818248093 93
1740446901415 0.004430325818248093 94
1740446901562 0.004430325818248093 95
1740446901698 0.004430325818248093 96
1740446901850 0.004430325818248093 97
1740446901956 0.004430325818248093 98
1740446902860 0.004430325818248093 99
1740446903075 0.004430325818248093 100
1740446903261 0.004430325818248093 101
1740446903443 0.004430325818248093 102
1740446903644 0.004430325818248093 103
1740446904478 0.004430325818248093 104
1740446904607 0.004430325818248093 105
1740446904732 0.004430325818248093 106
1740446904838 0.004430325818248093 107
1740446904950 0.004430325818248093 108
1740446905567 0.004430325818248093 109
1740446905683 0.004430325818248093 110
1740446905786 0.004430325818248093 111
1740446905892 0.004430325818248093 112
1740446906010 0.004430325818248093 113
1740446906772 0.004430325818248093 114
1740446906901 0.004430325818248093 115
1740446907016 0.004430325818248093 116
1740446907128 0.004430325818248093 117
1740446907235 0.004430325818248093 118
1740446907929 0.004430325818248093 119
1740446908040 0.004430325818248093 120
