1740446638783 1.0004061460494995 61
1740446639652 1.0004061460494995 62
1740446640232 1.0004061460494995 63
1740446640331 1.0004061460494995 64
1740446640416 1.0004061460494995 65
1740446640501 1.0004061460494995 66
1740446640585 1.0004061460494995 67
1740446641189 1.0004061460494995 68
1740446641291 1.0004061460494995 69
1740446641374 1.0004061460494995 70
1740446641456 1.0004061460494995 71
1740446641545 1.0004061460494995 72
1740446642148 1.0004061460494995 73
1740446642298 1.0004061460494995 74
1740446642473 1.0004061460494995 75
1740446642574 1.0004061460494995 76
1740446642728 1.0004061460494995 77
1740446643652 1.0004061460494995 78
1740446643755 1.0004061460494995 79
1740446643882 1.0004061460494995 80
1740446643969 1.0004061460494995 81
1740446644054 1.0004061460494995 82
1740446645047 1.0004061460494995 83
1740446645140 1.0004061460494995 84
1740446645224 1.0004061460494995 85
1740446645308 1.0004061460494995 86
1740446645399 1.0004061460494995 87
1740446646652 1.0004061460494995 88
1740446646767 1.0004061460494995 89
1740446646854 1.0004061460494995 90
1740446646977 1.0004061460494995 91
1740446647061 1.0004061460494995 92
1740446648267 1.0004061460494995 93
1740446648818 1.0004061460494995 94
1740446648939 1.0004061460494995 95
1740446649024 1.0004061460494995 96
1740446649110 1.0004061460494995 97
1740446649204 1.0004061460494995 98
1740446649803 1.0004061460494995 99
1740446649925 1.0004061460494995 100
1740446650011 1.0004061460494995 101
1740446650123 1.0004061460494995 102
1740446650213 1.0004061460494995 103
1740446650889 1.0004061460494995 104
1740446651019 1.0004061460494995 105
1740446651102 1.0004061460494995 106
1740446651190 1.0004061460494995 107
1740446651283 1.0004061460494995 108
1740446652152 1.0004061460494995 109
1740446652279 1.0004061460494995 110
1740446652372 1.0004061460494995 111
1740446652464 1.0004061460494995 112
1740446652553 1.0004061460494995 113
1740446653317 1.0004061460494995 114
1740446653473 1.0004061460494995 115
1740446653619 1.0004061460494995 116
1740446653859 1.0004061460494995 117
1740446654041 1.0004061460494995 118
1740446655318 1.0004061460494995 119
1740446655479 1.0004061460494995 120
1740446684947 1.0006189346313477 61
1740446686783 1.0006189346313477 62
1740446687416 1.0006189346313477 63
1740446687536 1.0006189346313477 64
1740446687634 1.0006189346313477 65
1740446687746 1.0006189346313477 66
1740446687870 1.0006189346313477 67
1740446689238 1.0006189346313477 68
1740446689396 1.0006189346313477 69
1740446689537 1.0006189346313477 70
1740446689689 1.0006189346313477 71
1740446689831 1.0006189346313477 72
1740446691315 1.0006189346313477 73
1740446691444 1.0006189346313477 74
1740446691570 1.0006189346313477 75
1740446691763 1.0006189346313477 76
1740446691963 1.0006189346313477 77
1740446693552 1.0006189346313477 78
1740446693751 1.0006189346313477 79
1740446693994 1.0006189346313477 80
1740446694126 1.0006189346313477 81
1740446694233 1.0006189346313477 82
1740446695320 1.0006189346313477 83
1740446695434 1.0006189346313477 84
1740446695533 1.0006189346313477 85
1740446695665 1.0006189346313477 86
1740446695774 1.0006189346313477 87
1740446697395 1.0006189346313477 88
1740446697533 1.0006189346313477 89
1740446697657 1.0006189346313477 90
1740446697760 1.0006189346313477 91
1740446697878 1.0006189346313477 92
1740446699543 1.0006189346313477 93
1740446700236 1.0006189346313477 94
1740446700388 1.0006189346313477 95
1740446700499 1.0006189346313477 96
1740446700640 1.0006189346313477 97
1740446700748 1.0006189346313477 98
1740446701880 1.0006189346313477 99
1740446702050 1.0006189346313477 100
1740446702186 1.0006189346313477 101
1740446702291 1.0006189346313477 102
1740446702393 1.0006189346313477 103
1740446703714 1.0006189346313477 104
1740446703827 1.0006189346313477 105
1740446703923 1.0006189346313477 106
1740446704025 1.0006189346313477 107
1740446704165 1.0006189346313477 108
1740446705414 1.0006189346313477 109
1740446705555 1.0006189346313477 110
1740446705711 1.0006189346313477 111
1740446705860 1.0006189346313477 112
1740446706001 1.0006189346313477 113
1740446707376 1.0006189346313477 114
1740446707486 1.0006189346313477 115
1740446707578 1.0006189346313477 116
1740446707679 1.0006189346313477 117
1740446707813 1.0006189346313477 118
1740446709352 1.0006189346313477 119
1740446709477 1.0006189346313477 120
1740446748881 1.0008600950241089 61
1740446750103 1.0008600950241089 62
1740446750844 1.0008600950241089 63
1740446750981 1.0008600950241089 64
1740446751125 1.0008600950241089 65
1740446751296 1.0008600950241089 66
1740446751435 1.0008600950241089 67
1740446752246 1.0008600950241089 68
1740446752438 1.0008600950241089 69
1740446752589 1.0008600950241089 70
1740446752725 1.0008600950241089 71
1740446752888 1.0008600950241089 72
1740446754117 1.0008600950241089 73
1740446754319 1.0008600950241089 74
1740446754482 1.0008600950241089 75
1740446754632 1.0008600950241089 76
1740446754857 1.0008600950241089 77
1740446756218 1.0008600950241089 78
1740446756392 1.0008600950241089 79
1740446756567 1.0008600950241089 80
1740446756737 1.0008600950241089 81
1740446756871 1.0008600950241089 82
1740446757954 1.0008600950241089 83
1740446758113 1.0008600950241089 84
1740446758271 1.0008600950241089 85
1740446758415 1.0008600950241089 86
1740446758570 1.0008600950241089 87
1740446759868 1.0008600950241089 88
1740446760025 1.0008600950241089 89
1740446760181 1.0008600950241089 90
1740446760362 1.0008600950241089 91
1740446760492 1.0008600950241089 92
1740446761444 1.0008600950241089 93
1740446761945 1.0008600950241089 94
1740446762070 1.0008600950241089 95
1740446762166 1.0008600950241089 96
1740446762265 1.0008600950241089 97
1740446762364 1.0008600950241089 98
1740446762892 1.0008600950241089 99
1740446763000 1.0008600950241089 100
1740446763119 1.0008600950241089 101
1740446763216 1.0008600950241089 102
1740446763327 1.0008600950241089 103
1740446763922 1.0008600950241089 104
1740446764042 1.0008600950241089 105
1740446764141 1.0008600950241089 106
1740446764245 1.0008600950241089 107
1740446764346 1.0008600950241089 108
1740446764989 1.0008600950241089 109
1740446765099 1.0008600950241089 110
1740446765199 1.0008600950241089 111
1740446765302 1.0008600950241089 112
1740446765403 1.0008600950241089 113
1740446766071 1.0008600950241089 114
1740446766183 1.0008600950241089 115
1740446766284 1.0008600950241089 116
1740446766385 1.0008600950241089 117
1740446766498 1.0008600950241089 118
1740446767166 1.0008600950241089 119
1740446767277 1.0008600950241089 120
1740446797994 1.0007424354553223 61
1740446798964 1.0007424354553223 62
1740446799561 1.0007424354553223 63
1740446799672 1.0007424354553223 64
1740446799775 1.0007424354553223 65
1740446799881 1.0007424354553223 66
1740446799998 1.0007424354553223 67
1740446800594 1.0007424354553223 68
1740446800739 1.0007424354553223 69
1740446800903 1.0007424354553223 70
1740446801062 1.0007424354553223 71
1740446801185 1.0007424354553223 72
1740446801898 1.0007424354553223 73
1740446802077 1.0007424354553223 74
1740446802259 1.0007424354553223 75
1740446802434 1.0007424354553223 76
1740446802596 1.0007424354553223 77
1740446803665 1.0007424354553223 78
1740446803972 1.0007424354553223 79
1740446804181 1.0007424354553223 80
1740446804368 1.0007424354553223 81
1740446804498 1.0007424354553223 82
1740446805464 1.0007424354553223 83
1740446805626 1.0007424354553223 84
1740446805746 1.0007424354553223 85
1740446805859 1.0007424354553223 86
1740446805967 1.0007424354553223 87
1740446806731 1.0007424354553223 88
1740446806856 1.0007424354553223 89
1740446806976 1.0007424354553223 90
1740446807091 1.0007424354553223 91
1740446807213 1.0007424354553223 92
1740446808011 1.0007424354553223 93
1740446808610 1.0007424354553223 94
1740446808769 1.0007424354553223 95
1740446808875 1.0007424354553223 96
1740446808995 1.0007424354553223 97
1740446809102 1.0007424354553223 98
1740446809840 1.0007424354553223 99
1740446810009 1.0007424354553223 100
1740446810230 1.0007424354553223 101
1740446810390 1.0007424354553223 102
1740446810527 1.0007424354553223 103
1740446811443 1.0007424354553223 104
1740446811556 1.0007424354553223 105
1740446811665 1.0007424354553223 106
1740446811779 1.0007424354553223 107
1740446811889 1.0007424354553223 108
1740446812628 1.0007424354553223 109
1740446812750 1.0007424354553223 110
1740446812909 1.0007424354553223 111
1740446813021 1.0007424354553223 112
1740446813142 1.0007424354553223 113
1740446814100 1.0007424354553223 114
1740446814221 1.0007424354553223 115
1740446814330 1.0007424354553223 116
1740446814443 1.0007424354553223 117
1740446814553 1.0007424354553223 118
1740446815536 1.0007424354553223 119
1740446815651 1.0007424354553223 120
1740446848385 1.0006884336471558 61
1740446849358 1.0006884336471558 62
1740446849886 1.0006884336471558 63
1740446849996 1.0006884336471558 64
1740446850113 1.0006884336471558 65
1740446850216 1.0006884336471558 66
1740446850321 1.0006884336471558 67
1740446850973 1.0006884336471558 68
1740446851086 1.0006884336471558 69
1740446851190 1.0006884336471558 70
1740446851295 1.0006884336471558 71
1740446851402 1.0006884336471558 72
1740446852142 1.0006884336471558 73
1740446852255 1.0006884336471558 74
1740446852360 1.0006884336471558 75
1740446852467 1.0006884336471558 76
1740446852576 1.0006884336471558 77
1740446853438 1.0006884336471558 78
1740446853555 1.0006884336471558 79
1740446853659 1.0006884336471558 80
1740446853777 1.0006884336471558 81
1740446853882 1.0006884336471558 82
1740446854731 1.0006884336471558 83
1740446854843 1.0006884336471558 84
1740446854954 1.0006884336471558 85
1740446855059 1.0006884336471558 86
1740446855168 1.0006884336471558 87
1740446856036 1.0006884336471558 88
1740446856150 1.0006884336471558 89
1740446856254 1.0006884336471558 90
1740446856359 1.0006884336471558 91
1740446856465 1.0006884336471558 92
1740446857336 1.0006884336471558 93
1740446857867 1.0006884336471558 94
1740446857979 1.0006884336471558 95
1740446858085 1.0006884336471558 96
1740446858190 1.0006884336471558 97
1740446858299 1.0006884336471558 98
1740446858978 1.0006884336471558 99
1740446859092 1.0006884336471558 100
1740446859196 1.0006884336471558 101
1740446859303 1.0006884336471558 102
1740446859409 1.0006884336471558 103
1740446860210 1.0006884336471558 104
1740446860315 1.0006884336471558 105
1740446860420 1.0006884336471558 106
1740446860526 1.0006884336471558 107
1740446860631 1.0006884336471558 108
1740446861394 1.0006884336471558 109
1740446861509 1.0006884336471558 110
1740446861614 1.0006884336471558 111
1740446861723 1.0006884336471558 112
1740446861844 1.0006884336471558 113
1740446862688 1.0006884336471558 114
1740446862804 1.0006884336471558 115
1740446862914 1.0006884336471558 116
1740446863024 1.0006884336471558 117
1740446863136 1.0006884336471558 118
1740446864155 1.0006884336471558 119
1740446864275 1.0006884336471558 120
1740446889363 1.000633716583252 61
1740446890741 1.000633716583252 62
1740446891718 1.000633716583252 63
1740446891919 1.000633716583252 64
1740446892147 1.000633716583252 65
1740446892302 1.000633716583252 66
1740446892433 1.000633716583252 67
1740446893179 1.000633716583252 68
1740446893324 1.000633716583252 69
1740446893461 1.000633716583252 70
1740446893580 1.000633716583252 71
1740446893698 1.000633716583252 72
1740446894508 1.000633716583252 73
1740446894622 1.000633716583252 74
1740446894737 1.000633716583252 75
1740446894865 1.000633716583252 76
1740446894980 1.000633716583252 77
1740446895928 1.000633716583252 78
1740446896048 1.000633716583252 79
1740446896160 1.000633716583252 80
1740446896270 1.000633716583252 81
1740446896394 1.000633716583252 82
1740446897456 1.000633716583252 83
1740446897574 1.000633716583252 84
1740446897679 1.000633716583252 85
1740446897790 1.000633716583252 86
1740446897899 1.000633716583252 87
1740446898972 1.000633716583252 88
1740446899126 1.000633716583252 89
1740446899252 1.000633716583252 90
1740446899367 1.000633716583252 91
1740446899486 1.000633716583252 92
1740446900794 1.000633716583252 93
1740446901424 1.000633716583252 94
1740446901570 1.000633716583252 95
1740446901708 1.000633716583252 96
1740446901858 1.000633716583252 97
1740446901962 1.000633716583252 98
1740446902871 1.000633716583252 99
1740446903085 1.000633716583252 100
1740446903272 1.000633716583252 101
1740446903454 1.000633716583252 102
1740446903656 1.000633716583252 103
1740446904486 1.000633716583252 104
1740446904613 1.000633716583252 105
1740446904739 1.000633716583252 106
1740446904845 1.000633716583252 107
1740446904958 1.000633716583252 108
1740446905574 1.000633716583252 109
1740446905690 1.000633716583252 110
1740446905793 1.000633716583252 111
1740446905898 1.000633716583252 112
1740446906019 1.000633716583252 113
1740446906781 1.000633716583252 114
1740446906908 1.000633716583252 115
1740446907025 1.000633716583252 116
1740446907135 1.000633716583252 117
1740446907242 1.000633716583252 118
1740446907935 1.000633716583252 119
1740446908046 1.000633716583252 120
