1740446638779 4.016327261924744 61
1740446639647 4.016327261924744 62
1740446640226 4.016327261924744 63
1740446640327 4.016327261924744 64
1740446640412 4.016327261924744 65
1740446640497 4.016327261924744 66
1740446640581 4.016327261924744 67
1740446641182 4.016327261924744 68
1740446641287 4.016327261924744 69
1740446641370 4.016327261924744 70
1740446641451 4.016327261924744 71
1740446641541 4.016327261924744 72
1740446642144 4.016327261924744 73
1740446642290 4.016327261924744 74
1740446642469 4.016327261924744 75
1740446642570 4.016327261924744 76
1740446642724 4.016327261924744 77
1740446643648 4.016327261924744 78
1740446643751 4.016327261924744 79
1740446643877 4.016327261924744 80
1740446643964 4.016327261924744 81
1740446644050 4.016327261924744 82
1740446645043 4.016327261924744 83
1740446645136 4.016327261924744 84
1740446645220 4.016327261924744 85
1740446645304 4.016327261924744 86
1740446645395 4.016327261924744 87
1740446646648 4.016327261924744 88
1740446646763 4.016327261924744 89
1740446646849 4.016327261924744 90
1740446646973 4.016327261924744 91
1740446647057 4.016327261924744 92
1740446648262 4.016327261924744 93
1740446648811 4.016327261924744 94
1740446648933 4.016327261924744 95
1740446649020 4.016327261924744 96
1740446649106 4.016327261924744 97
1740446649200 4.016327261924744 98
1740446649798 4.016327261924744 99
1740446649921 4.016327261924744 100
1740446650005 4.016327261924744 101
1740446650119 4.016327261924744 102
1740446650208 4.016327261924744 103
1740446650877 4.016327261924744 104
1740446651014 4.016327261924744 105
1740446651098 4.016327261924744 106
1740446651186 4.016327261924744 107
1740446651278 4.016327261924744 108
1740446652148 4.016327261924744 109
1740446652274 4.016327261924744 110
1740446652368 4.016327261924744 111
1740446652460 4.016327261924744 112
1740446652548 4.016327261924744 113
1740446653309 4.016327261924744 114
1740446653466 4.016327261924744 115
1740446653613 4.016327261924744 116
1740446653850 4.016327261924744 117
1740446654035 4.016327261924744 118
1740446655311 4.016327261924744 119
1740446655475 4.016327261924744 120
1740446684935 8.249354839324951 61
1740446686779 8.249354839324951 62
1740446687408 8.249354839324951 63
1740446687531 8.249354839324951 64
1740446687629 8.249354839324951 65
1740446687740 8.249354839324951 66
1740446687864 8.249354839324951 67
1740446689232 8.249354839324951 68
1740446689391 8.249354839324951 69
1740446689532 8.249354839324951 70
1740446689684 8.249354839324951 71
1740446689827 8.249354839324951 72
1740446691309 8.249354839324951 73
1740446691437 8.249354839324951 74
1740446691564 8.249354839324951 75
1740446691757 8.249354839324951 76
1740446691958 8.249354839324951 77
1740446693541 8.249354839324951 78
1740446693735 8.249354839324951 79
1740446693985 8.249354839324951 80
1740446694120 8.249354839324951 81
1740446694228 8.249354839324951 82
1740446695312 8.249354839324951 83
1740446695429 8.249354839324951 84
1740446695528 8.249354839324951 85
1740446695658 8.249354839324951 86
1740446695767 8.249354839324951 87
1740446697382 8.249354839324951 88
1740446697526 8.249354839324951 89
1740446697652 8.249354839324951 90
1740446697755 8.249354839324951 91
1740446697871 8.249354839324951 92
1740446699537 8.249354839324951 93
1740446700225 8.249354839324951 94
1740446700384 8.249354839324951 95
1740446700493 8.249354839324951 96
1740446700636 8.249354839324951 97
1740446700742 8.249354839324951 98
1740446701871 8.249354839324951 99
1740446702046 8.249354839324951 100
1740446702181 8.249354839324951 101
1740446702287 8.249354839324951 102
1740446702387 8.249354839324951 103
1740446703708 8.249354839324951 104
1740446703823 8.249354839324951 105
1740446703918 8.249354839324951 106
1740446704018 8.249354839324951 107
1740446704156 8.249354839324951 108
1740446705404 8.249354839324951 109
1740446705551 8.249354839324951 110
1740446705704 8.249354839324951 111
1740446705854 8.249354839324951 112
1740446705996 8.249354839324951 113
1740446707372 8.249354839324951 114
1740446707482 8.249354839324951 115
1740446707574 8.249354839324951 116
1740446707675 8.249354839324951 117
1740446707809 8.249354839324951 118
1740446709348 8.249354839324951 119
1740446709473 8.249354839324951 120
1740446748877 1.9874560832977295 61
1740446750099 1.9874560832977295 62
1740446750840 1.9874560832977295 63
1740446750977 1.9874560832977295 64
1740446751118 1.9874560832977295 65
1740446751292 1.9874560832977295 66
1740446751432 1.9874560832977295 67
1740446752230 1.9874560832977295 68
1740446752432 1.9874560832977295 69
1740446752584 1.9874560832977295 70
1740446752715 1.9874560832977295 71
1740446752880 1.9874560832977295 72
1740446754110 1.9874560832977295 73
1740446754312 1.9874560832977295 74
1740446754476 1.9874560832977295 75
1740446754627 1.9874560832977295 76
1740446754847 1.9874560832977295 77
1740446756210 1.9874560832977295 78
1740446756386 1.9874560832977295 79
1740446756561 1.9874560832977295 80
1740446756729 1.9874560832977295 81
1740446756864 1.9874560832977295 82
1740446757946 1.9874560832977295 83
1740446758108 1.9874560832977295 84
1740446758265 1.9874560832977295 85
1740446758410 1.9874560832977295 86
1740446758565 1.9874560832977295 87
1740446759862 1.9874560832977295 88
1740446760018 1.9874560832977295 89
1740446760172 1.9874560832977295 90
1740446760357 1.9874560832977295 91
1740446760487 1.9874560832977295 92
1740446761439 1.9874560832977295 93
1740446761941 1.9874560832977295 94
1740446762064 1.9874560832977295 95
1740446762161 1.9874560832977295 96
1740446762260 1.9874560832977295 97
1740446762359 1.9874560832977295 98
1740446762887 1.9874560832977295 99
1740446762995 1.9874560832977295 100
1740446763113 1.9874560832977295 101
1740446763211 1.9874560832977295 102
1740446763322 1.9874560832977295 103
1740446763917 1.9874560832977295 104
1740446764036 1.9874560832977295 105
1740446764136 1.9874560832977295 106
1740446764240 1.9874560832977295 107
1740446764341 1.9874560832977295 108
1740446764984 1.9874560832977295 109
1740446765094 1.9874560832977295 110
1740446765194 1.9874560832977295 111
1740446765297 1.9874560832977295 112
1740446765398 1.9874560832977295 113
1740446766066 1.9874560832977295 114
1740446766178 1.9874560832977295 115
1740446766279 1.9874560832977295 116
1740446766381 1.9874560832977295 117
1740446766493 1.9874560832977295 118
1740446767161 1.9874560832977295 119
1740446767272 1.9874560832977295 120
1740446797989 3.0079811811447144 61
1740446798956 3.0079811811447144 62
1740446799556 3.0079811811447144 63
1740446799667 3.0079811811447144 64
1740446799770 3.0079811811447144 65
1740446799875 3.0079811811447144 66
1740446799992 3.0079811811447144 67
1740446800588 3.0079811811447144 68
1740446800732 3.0079811811447144 69
1740446800896 3.0079811811447144 70
1740446801056 3.0079811811447144 71
1740446801180 3.0079811811447144 72
1740446801890 3.0079811811447144 73
1740446802070 3.0079811811447144 74
1740446802253 3.0079811811447144 75
1740446802427 3.0079811811447144 76
1740446802590 3.0079811811447144 77
1740446803652 3.0079811811447144 78
1740446803962 3.0079811811447144 79
1740446804174 3.0079811811447144 80
1740446804359 3.0079811811447144 81
1740446804492 3.0079811811447144 82
1740446805458 3.0079811811447144 83
1740446805619 3.0079811811447144 84
1740446805740 3.0079811811447144 85
1740446805854 3.0079811811447144 86
1740446805961 3.0079811811447144 87
1740446806725 3.0079811811447144 88
1740446806849 3.0079811811447144 89
1740446806969 3.0079811811447144 90
1740446807085 3.0079811811447144 91
1740446807208 3.0079811811447144 92
1740446808005 3.0079811811447144 93
1740446808605 3.0079811811447144 94
1740446808762 3.0079811811447144 95
1740446808870 3.0079811811447144 96
1740446808990 3.0079811811447144 97
1740446809097 3.0079811811447144 98
1740446809834 3.0079811811447144 99
1740446810000 3.0079811811447144 100
1740446810221 3.0079811811447144 101
1740446810382 3.0079811811447144 102
1740446810516 3.0079811811447144 103
1740446811435 3.0079811811447144 104
1740446811550 3.0079811811447144 105
1740446811659 3.0079811811447144 106
1740446811774 3.0079811811447144 107
1740446811883 3.0079811811447144 108
1740446812623 3.0079811811447144 109
1740446812744 3.0079811811447144 110
1740446812902 3.0079811811447144 111
1740446813016 3.0079811811447144 112
1740446813137 3.0079811811447144 113
1740446814095 3.0079811811447144 114
1740446814216 3.0079811811447144 115
1740446814325 3.0079811811447144 116
1740446814437 3.0079811811447144 117
1740446814548 3.0079811811447144 118
1740446815531 3.0079811811447144 119
1740446815646 3.0079811811447144 120
1740446848380 4.271726131439209 61
1740446849353 4.271726131439209 62
1740446849881 4.271726131439209 63
1740446849990 4.271726131439209 64
1740446850108 4.271726131439209 65
1740446850210 4.271726131439209 66
1740446850316 4.271726131439209 67
1740446850967 4.271726131439209 68
1740446851081 4.271726131439209 69
1740446851185 4.271726131439209 70
1740446851290 4.271726131439209 71
1740446851397 4.271726131439209 72
1740446852137 4.271726131439209 73
1740446852250 4.271726131439209 74
1740446852355 4.271726131439209 75
1740446852462 4.271726131439209 76
1740446852571 4.271726131439209 77
1740446853432 4.271726131439209 78
1740446853549 4.271726131439209 79
1740446853653 4.271726131439209 80
1740446853772 4.271726131439209 81
1740446853877 4.271726131439209 82
1740446854726 4.271726131439209 83
1740446854838 4.271726131439209 84
1740446854950 4.271726131439209 85
1740446855054 4.271726131439209 86
1740446855162 4.271726131439209 87
1740446856031 4.271726131439209 88
1740446856145 4.271726131439209 89
1740446856248 4.271726131439209 90
1740446856354 4.271726131439209 91
1740446856460 4.271726131439209 92
1740446857331 4.271726131439209 93
1740446857862 4.271726131439209 94
1740446857974 4.271726131439209 95
1740446858080 4.271726131439209 96
1740446858185 4.271726131439209 97
1740446858294 4.271726131439209 98
1740446858973 4.271726131439209 99
1740446859087 4.271726131439209 100
1740446859191 4.271726131439209 101
1740446859298 4.271726131439209 102
1740446859404 4.271726131439209 103
1740446860205 4.271726131439209 104
1740446860310 4.271726131439209 105
1740446860415 4.271726131439209 106
1740446860521 4.271726131439209 107
1740446860626 4.271726131439209 108
1740446861389 4.271726131439209 109
1740446861503 4.271726131439209 110
1740446861609 4.271726131439209 111
1740446861718 4.271726131439209 112
1740446861839 4.271726131439209 113
1740446862683 4.271726131439209 114
1740446862799 4.271726131439209 115
1740446862909 4.271726131439209 116
1740446863018 4.271726131439209 117
1740446863131 4.271726131439209 118
1740446864150 4.271726131439209 119
1740446864270 4.271726131439209 120
1740446889356 3.3711835145950317 61
1740446890731 3.3711835145950317 62
1740446891710 3.3711835145950317 63
1740446891909 3.3711835145950317 64
1740446892136 3.3711835145950317 65
1740446892295 3.3711835145950317 66
1740446892427 3.3711835145950317 67
1740446893173 3.3711835145950317 68
1740446893318 3.3711835145950317 69
1740446893454 3.3711835145950317 70
1740446893575 3.3711835145950317 71
1740446893692 3.3711835145950317 72
1740446894503 3.3711835145950317 73
1740446894617 3.3711835145950317 74
1740446894732 3.3711835145950317 75
1740446894860 3.3711835145950317 76
1740446894974 3.3711835145950317 77
1740446895923 3.3711835145950317 78
1740446896042 3.3711835145950317 79
1740446896154 3.3711835145950317 80
1740446896265 3.3711835145950317 81
1740446896389 3.3711835145950317 82
1740446897450 3.3711835145950317 83
1740446897569 3.3711835145950317 84
1740446897674 3.3711835145950317 85
1740446897785 3.3711835145950317 86
1740446897893 3.3711835145950317 87
1740446898965 3.3711835145950317 88
1740446899119 3.3711835145950317 89
1740446899247 3.3711835145950317 90
1740446899362 3.3711835145950317 91
1740446899479 3.3711835145950317 92
1740446900788 3.3711835145950317 93
1740446901416 3.3711835145950317 94
1740446901564 3.3711835145950317 95
1740446901700 3.3711835145950317 96
1740446901852 3.3711835145950317 97
1740446901957 3.3711835145950317 98
1740446902862 3.3711835145950317 99
1740446903076 3.3711835145950317 100
1740446903263 3.3711835145950317 101
1740446903445 3.3711835145950317 102
1740446903646 3.3711835145950317 103
1740446904480 3.3711835145950317 104
1740446904608 3.3711835145950317 105
1740446904733 3.3711835145950317 106
1740446904839 3.3711835145950317 107
1740446904952 3.3711835145950317 108
1740446905568 3.3711835145950317 109
1740446905684 3.3711835145950317 110
1740446905787 3.3711835145950317 111
1740446905893 3.3711835145950317 112
1740446906012 3.3711835145950317 113
1740446906774 3.3711835145950317 114
1740446906902 3.3711835145950317 115
1740446907017 3.3711835145950317 116
1740446907129 3.3711835145950317 117
1740446907237 3.3711835145950317 118
1740446907930 3.3711835145950317 119
1740446908041 3.3711835145950317 120
