1740302528519 0.0006688698776997626 121
1740302528645 0.0006688698776997626 122
1740302528770 0.0006688698776997626 123
1740302530800 0.0006688698776997626 124
1740302531653 0.0006688698776997626 125
1740302531815 0.0006688698776997626 126
1740302531948 0.0006688698776997626 127
1740302532070 0.0006688698776997626 128
1740302532192 0.0006688698776997626 129
1740302532966 0.0006688698776997626 130
1740302533090 0.0006688698776997626 131
1740302533237 0.0006688698776997626 132
1740302533380 0.0006688698776997626 133
1740302533503 0.0006688698776997626 134
1740302534276 0.0006688698776997626 135
1740302534405 0.0006688698776997626 136
1740302534528 0.0006688698776997626 137
1740302534649 0.0006688698776997626 138
1740302534776 0.0006688698776997626 139
1740302535617 0.0006688698776997626 140
1740302535756 0.0006688698776997626 141
1740302535886 0.0006688698776997626 142
1740302536006 0.0006688698776997626 143
1740302536128 0.0006688698776997626 144
1740302536976 0.0006688698776997626 145
1740302537110 0.0006688698776997626 146
1740302537230 0.0006688698776997626 147
1740302537350 0.0006688698776997626 148
1740302537470 0.0006688698776997626 149
1740302538360 0.0006688698776997626 150
1740302538493 0.0006688698776997626 151
1740302538613 0.0006688698776997626 152
1740302538743 0.0006688698776997626 153
1740302538867 0.0006688698776997626 154
1740302539867 0.0006688698776997626 155
1740302540579 0.0006688698776997626 156
1740302540742 0.0006688698776997626 157
1740302540862 0.0006688698776997626 158
1740302540984 0.0006688698776997626 159
1740302541111 0.0006688698776997626 160
1740302542060 0.0006688698776997626 161
1740302542197 0.0006688698776997626 162
1740302542319 0.0006688698776997626 163
1740302542442 0.0006688698776997626 164
1740302542564 0.0006688698776997626 165
1740302543571 0.0006688698776997626 166
1740302543702 0.0006688698776997626 167
1740302543828 0.0006688698776997626 168
1740302543956 0.0006688698776997626 169
1740302544089 0.0006688698776997626 170
1740302545343 0.0006688698776997626 171
1740302545485 0.0006688698776997626 172
1740302545609 0.0006688698776997626 173
1740302545736 0.0006688698776997626 174
1740302545863 0.0006688698776997626 175
1740302547368 0.0006688698776997626 176
1740302547503 0.0006688698776997626 177
1740302547626 0.0006688698776997626 178
1740302547748 0.0006688698776997626 179
1740302547869 0.0006688698776997626 180
1740302549190 0.0006688698776997626 181
1740302549318 0.0006688698776997626 182
1740302549439 0.0006688698776997626 183
1740302549562 0.0006688698776997626 184
1740302549684 0.0006688698776997626 185
1740302550995 0.0006688698776997626 186
1740302551671 0.0006688698776997626 187
1740302551798 0.0006688698776997626 188
1740302551916 0.0006688698776997626 189
1740302552035 0.0006688698776997626 190
1740302552155 0.0006688698776997626 191
1740302553020 0.0006688698776997626 192
1740302553156 0.0006688698776997626 193
1740302553280 0.0006688698776997626 194
1740302553399 0.0006688698776997626 195
1740302553521 0.0006688698776997626 196
1740302554474 0.0006688698776997626 197
1740302554610 0.0006688698776997626 198
1740302554739 0.0006688698776997626 199
1740302554859 0.0006688698776997626 200
1740302554978 0.0006688698776997626 201
1740302556046 0.0006688698776997626 202
1740302556196 0.0006688698776997626 203
1740302556324 0.0006688698776997626 204
1740302556453 0.0006688698776997626 205
1740302556612 0.0006688698776997626 206
1740302557726 0.0006688698776997626 207
1740302557856 0.0006688698776997626 208
1740302557995 0.0006688698776997626 209
1740302558116 0.0006688698776997626 210
1740302558237 0.0006688698776997626 211
1740302559437 0.0006688698776997626 212
1740302559567 0.0006688698776997626 213
1740302559738 0.0006688698776997626 214
1740302559856 0.0006688698776997626 215
1740302559975 0.0006688698776997626 216
1740302561246 0.0006688698776997626 217
1740302561966 0.0006688698776997626 218
1740302562093 0.0006688698776997626 219
1740302562211 0.0006688698776997626 220
1740302562332 0.0006688698776997626 221
1740302562451 0.0006688698776997626 222
1740302563274 0.0006688698776997626 223
1740302563405 0.0006688698776997626 224
1740302563521 0.0006688698776997626 225
1740302563641 0.0006688698776997626 226
1740302563758 0.0006688698776997626 227
1740302564615 0.0006688698776997626 228
1740302564734 0.0006688698776997626 229
1740302564856 0.0006688698776997626 230
1740302564988 0.0006688698776997626 231
1740302565115 0.0006688698776997626 232
1740302566095 0.0006688698776997626 233
1740302566223 0.0006688698776997626 234
1740302566341 0.0006688698776997626 235
1740302566463 0.0006688698776997626 236
1740302566585 0.0006688698776997626 237
1740302567661 0.0006688698776997626 238
1740302567791 0.0006688698776997626 239
1740302567911 0.0006688698776997626 240
