1740302528520 0.0 121
1740302528646 0.0 122
1740302528772 0.0 123
1740302530802 0.0 124
1740302531654 0.0 125
1740302531816 0.0 126
1740302531949 0.0 127
1740302532071 0.0 128
1740302532193 0.0 129
1740302532967 0.0 130
1740302533092 0.0 131
1740302533239 0.0 132
1740302533382 0.0 133
1740302533504 0.0 134
1740302534277 0.0 135
1740302534406 0.0 136
1740302534530 0.0 137
1740302534650 0.0 138
1740302534777 0.0 139
1740302535618 0.0 140
1740302535757 0.0 141
1740302535887 0.0 142
1740302536007 0.0 143
1740302536130 0.0 144
1740302536977 0.0 145
1740302537111 0.0 146
1740302537231 0.0 147
1740302537351 0.0 148
1740302537471 0.0 149
1740302538361 0.0 150
1740302538494 0.0 151
1740302538614 0.0 152
1740302538744 0.0 153
1740302538868 0.0 154
1740302539868 0.0 155
1740302540580 0.0 156
1740302540744 0.0 157
1740302540863 0.0 158
1740302540985 0.0 159
1740302541112 0.0 160
1740302542061 0.0 161
1740302542198 0.0 162
1740302542320 0.0 163
1740302542444 0.0 164
1740302542565 0.0 165
1740302543572 0.0 166
1740302543703 0.0 167
1740302543829 0.0 168
1740302543957 0.0 169
1740302544090 0.0 170
1740302545344 0.0 171
1740302545486 0.0 172
1740302545610 0.0 173
1740302545737 0.0 174
1740302545864 0.0 175
1740302547369 0.0 176
1740302547504 0.0 177
1740302547628 0.0 178
1740302547749 0.0 179
1740302547870 0.0 180
1740302549191 0.0 181
1740302549319 0.0 182
1740302549440 0.0 183
1740302549563 0.0 184
1740302549685 0.0 185
1740302550996 0.0 186
1740302551672 0.0 187
1740302551800 0.0 188
1740302551917 0.0 189
1740302552037 0.0 190
1740302552156 0.0 191
1740302553022 0.0 192
1740302553157 0.0 193
1740302553281 0.0 194
1740302553400 0.0 195
1740302553523 0.0 196
1740302554475 0.0 197
1740302554613 0.0 198
1740302554740 0.0 199
1740302554860 0.0 200
1740302554979 0.0 201
1740302556047 0.0 202
1740302556197 0.0 203
1740302556325 0.0 204
1740302556454 0.0 205
1740302556613 0.0 206
1740302557727 0.0 207
1740302557857 0.0 208
1740302557997 0.0 209
1740302558117 0.0 210
1740302558238 0.0 211
1740302559438 0.0 212
1740302559568 0.0 213
1740302559740 0.0 214
1740302559857 0.0 215
1740302559976 0.0 216
1740302561247 0.0 217
1740302561967 0.0 218
1740302562094 0.0 219
1740302562212 0.0 220
1740302562334 0.0 221
1740302562452 0.0 222
1740302563275 0.0 223
1740302563406 0.0 224
1740302563522 0.0 225
1740302563643 0.0 226
1740302563760 0.0 227
1740302564616 0.0 228
1740302564735 0.0 229
1740302564858 0.0 230
1740302564990 0.0 231
1740302565116 0.0 232
1740302566096 0.0 233
1740302566224 0.0 234
1740302566342 0.0 235
1740302566464 0.0 236
1740302566586 0.0 237
1740302567662 0.0 238
1740302567792 0.0 239
1740302567912 0.0 240
