1740302528527 0.2 121
1740302528652 0.2 122
1740302528777 0.2 123
1740302530810 0.2 124
1740302531660 0.2 125
1740302531822 0.2 126
1740302531956 0.2 127
1740302532078 0.2 128
1740302532199 0.2 129
1740302532973 0.2 130
1740302533098 0.2 131
1740302533248 0.2 132
1740302533387 0.2 133
1740302533511 0.2 134
1740302534282 0.2 135
1740302534413 0.2 136
1740302534536 0.2 137
1740302534656 0.2 138
1740302534783 0.2 139
1740302535624 0.2 140
1740302535763 0.2 141
1740302535894 0.2 142
1740302536013 0.2 143
1740302536135 0.2 144
1740302536983 0.2 145
1740302537116 0.2 146
1740302537237 0.2 147
1740302537357 0.2 148
1740302537476 0.2 149
1740302538367 0.2 150
1740302538500 0.2 151
1740302538620 0.2 152
1740302538752 0.2 153
1740302538874 0.2 154
1740302539874 0.2 155
1740302540586 0.2 156
1740302540749 0.2 157
1740302540869 0.2 158
1740302540991 0.2 159
1740302541118 0.2 160
1740302542066 0.2 161
1740302542203 0.2 162
1740302542325 0.2 163
1740302542449 0.2 164
1740302542570 0.2 165
1740302543577 0.2 166
1740302543709 0.2 167
1740302543834 0.2 168
1740302543962 0.2 169
1740302544097 0.2 170
1740302545350 0.2 171
1740302545492 0.2 172
1740302545616 0.2 173
1740302545743 0.2 174
1740302545870 0.2 175
1740302547376 0.2 176
1740302547510 0.2 177
1740302547633 0.2 178
1740302547755 0.2 179
1740302547876 0.2 180
1740302549197 0.2 181
1740302549325 0.2 182
1740302549446 0.2 183
1740302549569 0.2 184
1740302549690 0.2 185
1740302551002 0.2 186
1740302551678 0.2 187
1740302551805 0.2 188
1740302551923 0.2 189
1740302552042 0.2 190
1740302552162 0.2 191
1740302553027 0.2 192
1740302553163 0.2 193
1740302553287 0.2 194
1740302553406 0.2 195
1740302553528 0.2 196
1740302554481 0.2 197
1740302554624 0.2 198
1740302554746 0.2 199
1740302554866 0.2 200
1740302554986 0.2 201
1740302556052 0.2 202
1740302556202 0.2 203
1740302556331 0.2 204
1740302556459 0.2 205
1740302556619 0.2 206
1740302557733 0.2 207
1740302557864 0.2 208
1740302558003 0.2 209
1740302558123 0.2 210
1740302558244 0.2 211
1740302559444 0.2 212
1740302559575 0.2 213
1740302559745 0.2 214
1740302559863 0.2 215
1740302559983 0.2 216
1740302561252 0.2 217
1740302561973 0.2 218
1740302562100 0.2 219
1740302562217 0.2 220
1740302562340 0.2 221
1740302562458 0.2 222
1740302563281 0.2 223
1740302563412 0.2 224
1740302563528 0.2 225
1740302563648 0.2 226
1740302563767 0.2 227
1740302564621 0.2 228
1740302564740 0.2 229
1740302564864 0.2 230
1740302564997 0.2 231
1740302565121 0.2 232
1740302566100 0.2 233
1740302566229 0.2 234
1740302566347 0.2 235
1740302566469 0.2 236
1740302566591 0.2 237
1740302567668 0.2 238
1740302567798 0.2 239
1740302567918 0.2 240
