1740302528515 -8.514480113983154 121
1740302528641 -8.514480113983154 122
1740302528767 -8.514480113983154 123
1740302530795 -8.514480113983154 124
1740302531649 -8.514480113983154 125
1740302531812 -8.514480113983154 126
1740302531944 -8.514480113983154 127
1740302532066 -8.514480113983154 128
1740302532188 -8.514480113983154 129
1740302532962 -8.514480113983154 130
1740302533087 -8.514480113983154 131
1740302533230 -8.514480113983154 132
1740302533376 -8.514480113983154 133
1740302533498 -8.514480113983154 134
1740302534272 -8.514480113983154 135
1740302534401 -8.514480113983154 136
1740302534524 -8.514480113983154 137
1740302534645 -8.514480113983154 138
1740302534765 -8.514480113983154 139
1740302535613 -8.514480113983154 140
1740302535752 -8.514480113983154 141
1740302535883 -8.514480113983154 142
1740302536003 -8.514480113983154 143
1740302536125 -8.514480113983154 144
1740302536972 -8.514480113983154 145
1740302537106 -8.514480113983154 146
1740302537226 -8.514480113983154 147
1740302537346 -8.514480113983154 148
1740302537466 -8.514480113983154 149
1740302538356 -8.514480113983154 150
1740302538489 -8.514480113983154 151
1740302538609 -8.514480113983154 152
1740302538739 -8.514480113983154 153
1740302538863 -8.514480113983154 154
1740302539863 -8.514480113983154 155
1740302540575 -8.514480113983154 156
1740302540739 -8.514480113983154 157
1740302540858 -8.514480113983154 158
1740302540980 -8.514480113983154 159
1740302541107 -8.514480113983154 160
1740302542057 -8.514480113983154 161
1740302542194 -8.514480113983154 162
1740302542316 -8.514480113983154 163
1740302542439 -8.514480113983154 164
1740302542561 -8.514480113983154 165
1740302543568 -8.514480113983154 166
1740302543699 -8.514480113983154 167
1740302543825 -8.514480113983154 168
1740302543952 -8.514480113983154 169
1740302544085 -8.514480113983154 170
1740302545339 -8.514480113983154 171
1740302545482 -8.514480113983154 172
1740302545605 -8.514480113983154 173
1740302545733 -8.514480113983154 174
1740302545859 -8.514480113983154 175
1740302547364 -8.514480113983154 176
1740302547499 -8.514480113983154 177
1740302547623 -8.514480113983154 178
1740302547744 -8.514480113983154 179
1740302547865 -8.514480113983154 180
1740302549186 -8.514480113983154 181
1740302549315 -8.514480113983154 182
1740302549436 -8.514480113983154 183
1740302549558 -8.514480113983154 184
1740302549680 -8.514480113983154 185
1740302550991 -8.514480113983154 186
1740302551667 -8.514480113983154 187
1740302551795 -8.514480113983154 188
1740302551912 -8.514480113983154 189
1740302552031 -8.514480113983154 190
1740302552151 -8.514480113983154 191
1740302553017 -8.514480113983154 192
1740302553152 -8.514480113983154 193
1740302553270 -8.514480113983154 194
1740302553396 -8.514480113983154 195
1740302553517 -8.514480113983154 196
1740302554470 -8.514480113983154 197
1740302554604 -8.514480113983154 198
1740302554736 -8.514480113983154 199
1740302554856 -8.514480113983154 200
1740302554974 -8.514480113983154 201
1740302556042 -8.514480113983154 202
1740302556192 -8.514480113983154 203
1740302556321 -8.514480113983154 204
1740302556450 -8.514480113983154 205
1740302556608 -8.514480113983154 206
1740302557722 -8.514480113983154 207
1740302557853 -8.514480113983154 208
1740302557990 -8.514480113983154 209
1740302558112 -8.514480113983154 210
1740302558234 -8.514480113983154 211
1740302559433 -8.514480113983154 212
1740302559563 -8.514480113983154 213
1740302559735 -8.514480113983154 214
1740302559852 -8.514480113983154 215
1740302559971 -8.514480113983154 216
1740302561242 -8.514480113983154 217
1740302561962 -8.514480113983154 218
1740302562089 -8.514480113983154 219
1740302562207 -8.514480113983154 220
1740302562329 -8.514480113983154 221
1740302562448 -8.514480113983154 222
1740302563270 -8.514480113983154 223
1740302563401 -8.514480113983154 224
1740302563518 -8.514480113983154 225
1740302563638 -8.514480113983154 226
1740302563755 -8.514480113983154 227
1740302564612 -8.514480113983154 228
1740302564731 -8.514480113983154 229
1740302564852 -8.514480113983154 230
1740302564985 -8.514480113983154 231
1740302565112 -8.514480113983154 232
1740302566091 -8.514480113983154 233
1740302566220 -8.514480113983154 234
1740302566338 -8.514480113983154 235
1740302566460 -8.514480113983154 236
1740302566582 -8.514480113983154 237
1740302567657 -8.514480113983154 238
1740302567788 -8.514480113983154 239
1740302567907 -8.514480113983154 240
