1740302528523 -0.01878798007965088 121
1740302528649 -0.01878798007965088 122
1740302528774 -0.01878798007965088 123
1740302530805 -0.01878798007965088 124
1740302531656 -0.01878798007965088 125
1740302531819 -0.01878798007965088 126
1740302531952 -0.01878798007965088 127
1740302532074 -0.01878798007965088 128
1740302532195 -0.01878798007965088 129
1740302532970 -0.01878798007965088 130
1740302533094 -0.01878798007965088 131
1740302533243 -0.01878798007965088 132
1740302533384 -0.01878798007965088 133
1740302533507 -0.01878798007965088 134
1740302534279 -0.01878798007965088 135
1740302534409 -0.01878798007965088 136
1740302534532 -0.01878798007965088 137
1740302534652 -0.01878798007965088 138
1740302534779 -0.01878798007965088 139
1740302535620 -0.01878798007965088 140
1740302535759 -0.01878798007965088 141
1740302535890 -0.01878798007965088 142
1740302536010 -0.01878798007965088 143
1740302536132 -0.01878798007965088 144
1740302536979 -0.01878798007965088 145
1740302537113 -0.01878798007965088 146
1740302537233 -0.01878798007965088 147
1740302537353 -0.01878798007965088 148
1740302537473 -0.01878798007965088 149
1740302538364 -0.01878798007965088 150
1740302538496 -0.01878798007965088 151
1740302538616 -0.01878798007965088 152
1740302538746 -0.01878798007965088 153
1740302538870 -0.01878798007965088 154
1740302539871 -0.01878798007965088 155
1740302540582 -0.01878798007965088 156
1740302540746 -0.01878798007965088 157
1740302540865 -0.01878798007965088 158
1740302540987 -0.01878798007965088 159
1740302541114 -0.01878798007965088 160
1740302542063 -0.01878798007965088 161
1740302542200 -0.01878798007965088 162
1740302542322 -0.01878798007965088 163
1740302542446 -0.01878798007965088 164
1740302542567 -0.01878798007965088 165
1740302543574 -0.01878798007965088 166
1740302543705 -0.01878798007965088 167
1740302543831 -0.01878798007965088 168
1740302543959 -0.01878798007965088 169
1740302544092 -0.01878798007965088 170
1740302545347 -0.01878798007965088 171
1740302545489 -0.01878798007965088 172
1740302545612 -0.01878798007965088 173
1740302545740 -0.01878798007965088 174
1740302545866 -0.01878798007965088 175
1740302547372 -0.01878798007965088 176
1740302547507 -0.01878798007965088 177
1740302547630 -0.01878798007965088 178
1740302547751 -0.01878798007965088 179
1740302547872 -0.01878798007965088 180
1740302549193 -0.01878798007965088 181
1740302549322 -0.01878798007965088 182
1740302549442 -0.01878798007965088 183
1740302549565 -0.01878798007965088 184
1740302549687 -0.01878798007965088 185
1740302550998 -0.01878798007965088 186
1740302551675 -0.01878798007965088 187
1740302551802 -0.01878798007965088 188
1740302551919 -0.01878798007965088 189
1740302552039 -0.01878798007965088 190
1740302552158 -0.01878798007965088 191
1740302553024 -0.01878798007965088 192
1740302553159 -0.01878798007965088 193
1740302553284 -0.01878798007965088 194
1740302553403 -0.01878798007965088 195
1740302553525 -0.01878798007965088 196
1740302554477 -0.01878798007965088 197
1740302554618 -0.01878798007965088 198
1740302554743 -0.01878798007965088 199
1740302554863 -0.01878798007965088 200
1740302554982 -0.01878798007965088 201
1740302556049 -0.01878798007965088 202
1740302556199 -0.01878798007965088 203
1740302556327 -0.01878798007965088 204
1740302556456 -0.01878798007965088 205
1740302556616 -0.01878798007965088 206
1740302557730 -0.01878798007965088 207
1740302557860 -0.01878798007965088 208
1740302557999 -0.01878798007965088 209
1740302558120 -0.01878798007965088 210
1740302558241 -0.01878798007965088 211
1740302559440 -0.01878798007965088 212
1740302559571 -0.01878798007965088 213
1740302559742 -0.01878798007965088 214
1740302559859 -0.01878798007965088 215
1740302559979 -0.01878798007965088 216
1740302561249 -0.01878798007965088 217
1740302561969 -0.01878798007965088 218
1740302562096 -0.01878798007965088 219
1740302562214 -0.01878798007965088 220
1740302562336 -0.01878798007965088 221
1740302562455 -0.01878798007965088 222
1740302563277 -0.01878798007965088 223
1740302563408 -0.01878798007965088 224
1740302563525 -0.01878798007965088 225
1740302563645 -0.01878798007965088 226
1740302563763 -0.01878798007965088 227
1740302564618 -0.01878798007965088 228
1740302564737 -0.01878798007965088 229
1740302564860 -0.01878798007965088 230
1740302564993 -0.01878798007965088 231
1740302565118 -0.01878798007965088 232
1740302566097 -0.01878798007965088 233
1740302566226 -0.01878798007965088 234
1740302566344 -0.01878798007965088 235
1740302566466 -0.01878798007965088 236
1740302566588 -0.01878798007965088 237
1740302567664 -0.01878798007965088 238
1740302567795 -0.01878798007965088 239
1740302567914 -0.01878798007965088 240
