1740302528509 0.0003 121
1740302528640 0.0003 122
1740302528765 0.0003 123
1740302530788 0.0003 124
1740302531647 0.0003 125
1740302531810 0.0003 126
1740302531943 0.0003 127
1740302532064 0.0003 128
1740302532186 0.0003 129
1740302532960 0.0003 130
1740302533085 0.0003 131
1740302533228 0.0003 132
1740302533374 0.0003 133
1740302533496 0.0003 134
1740302534270 0.0003 135
1740302534400 0.0003 136
1740302534523 0.0003 137
1740302534644 0.0003 138
1740302534763 0.0003 139
1740302535611 0.0003 140
1740302535750 0.0003 141
1740302535881 0.0003 142
1740302536001 0.0003 143
1740302536123 0.0003 144
1740302536971 0.0003 145
1740302537104 0.0003 146
1740302537225 0.0003 147
1740302537345 0.0003 148
1740302537464 0.0003 149
1740302538355 0.0003 150
1740302538488 0.0003 151
1740302538608 0.0003 152
1740302538738 0.0003 153
1740302538862 0.0003 154
1740302539862 0.0003 155
1740302540574 0.0003 156
1740302540737 0.0003 157
1740302540857 0.0003 158
1740302540979 0.0003 159
1740302541105 0.0003 160
1740302542056 0.0003 161
1740302542193 0.0003 162
1740302542315 0.0003 163
1740302542437 0.0003 164
1740302542560 0.0003 165
1740302543567 0.0003 166
1740302543697 0.0003 167
1740302543823 0.0003 168
1740302543951 0.0003 169
1740302544084 0.0003 170
1740302545338 0.0003 171
1740302545480 0.0003 172
1740302545604 0.0003 173
1740302545731 0.0003 174
1740302545858 0.0003 175
1740302547361 0.0003 176
1740302547498 0.0003 177
1740302547621 0.0003 178
1740302547743 0.0003 179
1740302547864 0.0003 180
1740302549185 0.0003 181
1740302549313 0.0003 182
1740302549434 0.0003 183
1740302549557 0.0003 184
1740302549679 0.0003 185
1740302550989 0.0003 186
1740302551666 0.0003 187
1740302551793 0.0003 188
1740302551910 0.0003 189
1740302552030 0.0003 190
1740302552150 0.0003 191
1740302553015 0.0003 192
1740302553150 0.0003 193
1740302553269 0.0003 194
1740302553394 0.0003 195
1740302553516 0.0003 196
1740302554468 0.0003 197
1740302554602 0.0003 198
1740302554734 0.0003 199
1740302554854 0.0003 200
1740302554972 0.0003 201
1740302556040 0.0003 202
1740302556191 0.0003 203
1740302556319 0.0003 204
1740302556448 0.0003 205
1740302556607 0.0003 206
1740302557720 0.0003 207
1740302557851 0.0003 208
1740302557988 0.0003 209
1740302558111 0.0003 210
1740302558232 0.0003 211
1740302559431 0.0003 212
1740302559561 0.0003 213
1740302559733 0.0003 214
1740302559851 0.0003 215
1740302559970 0.0003 216
1740302561240 0.0003 217
1740302561960 0.0003 218
1740302562088 0.0003 219
1740302562205 0.0003 220
1740302562327 0.0003 221
1740302562446 0.0003 222
1740302563268 0.0003 223
1740302563399 0.0003 224
1740302563516 0.0003 225
1740302563636 0.0003 226
1740302563753 0.0003 227
1740302564610 0.0003 228
1740302564730 0.0003 229
1740302564851 0.0003 230
1740302564984 0.0003 231
1740302565111 0.0003 232
1740302566090 0.0003 233
1740302566218 0.0003 234
1740302566337 0.0003 235
1740302566458 0.0003 236
1740302566580 0.0003 237
1740302567655 0.0003 238
1740302567786 0.0003 239
1740302567906 0.0003 240
