1740302528522 0.6638748645782471 121
1740302528648 0.6638748645782471 122
1740302528773 0.6638748645782471 123
1740302530804 0.6638748645782471 124
1740302531655 0.6638748645782471 125
1740302531818 0.6638748645782471 126
1740302531951 0.6638748645782471 127
1740302532072 0.6638748645782471 128
1740302532194 0.6638748645782471 129
1740302532969 0.6638748645782471 130
1740302533093 0.6638748645782471 131
1740302533241 0.6638748645782471 132
1740302533383 0.6638748645782471 133
1740302533506 0.6638748645782471 134
1740302534278 0.6638748645782471 135
1740302534408 0.6638748645782471 136
1740302534531 0.6638748645782471 137
1740302534651 0.6638748645782471 138
1740302534778 0.6638748645782471 139
1740302535619 0.6638748645782471 140
1740302535758 0.6638748645782471 141
1740302535889 0.6638748645782471 142
1740302536009 0.6638748645782471 143
1740302536131 0.6638748645782471 144
1740302536978 0.6638748645782471 145
1740302537112 0.6638748645782471 146
1740302537232 0.6638748645782471 147
1740302537352 0.6638748645782471 148
1740302537472 0.6638748645782471 149
1740302538362 0.6638748645782471 150
1740302538495 0.6638748645782471 151
1740302538615 0.6638748645782471 152
1740302538745 0.6638748645782471 153
1740302538869 0.6638748645782471 154
1740302539869 0.6638748645782471 155
1740302540581 0.6638748645782471 156
1740302540745 0.6638748645782471 157
1740302540864 0.6638748645782471 158
1740302540986 0.6638748645782471 159
1740302541113 0.6638748645782471 160
1740302542062 0.6638748645782471 161
1740302542199 0.6638748645782471 162
1740302542321 0.6638748645782471 163
1740302542445 0.6638748645782471 164
1740302542566 0.6638748645782471 165
1740302543573 0.6638748645782471 166
1740302543704 0.6638748645782471 167
1740302543830 0.6638748645782471 168
1740302543958 0.6638748645782471 169
1740302544091 0.6638748645782471 170
1740302545345 0.6638748645782471 171
1740302545487 0.6638748645782471 172
1740302545611 0.6638748645782471 173
1740302545739 0.6638748645782471 174
1740302545865 0.6638748645782471 175
1740302547371 0.6638748645782471 176
1740302547506 0.6638748645782471 177
1740302547629 0.6638748645782471 178
1740302547750 0.6638748645782471 179
1740302547871 0.6638748645782471 180
1740302549192 0.6638748645782471 181
1740302549321 0.6638748645782471 182
1740302549441 0.6638748645782471 183
1740302549564 0.6638748645782471 184
1740302549686 0.6638748645782471 185
1740302550997 0.6638748645782471 186
1740302551673 0.6638748645782471 187
1740302551801 0.6638748645782471 188
1740302551918 0.6638748645782471 189
1740302552038 0.6638748645782471 190
1740302552157 0.6638748645782471 191
1740302553023 0.6638748645782471 192
1740302553158 0.6638748645782471 193
1740302553282 0.6638748645782471 194
1740302553402 0.6638748645782471 195
1740302553524 0.6638748645782471 196
1740302554476 0.6638748645782471 197
1740302554616 0.6638748645782471 198
1740302554742 0.6638748645782471 199
1740302554861 0.6638748645782471 200
1740302554980 0.6638748645782471 201
1740302556048 0.6638748645782471 202
1740302556198 0.6638748645782471 203
1740302556326 0.6638748645782471 204
1740302556455 0.6638748645782471 205
1740302556614 0.6638748645782471 206
1740302557728 0.6638748645782471 207
1740302557859 0.6638748645782471 208
1740302557998 0.6638748645782471 209
1740302558118 0.6638748645782471 210
1740302558240 0.6638748645782471 211
1740302559439 0.6638748645782471 212
1740302559570 0.6638748645782471 213
1740302559741 0.6638748645782471 214
1740302559858 0.6638748645782471 215
1740302559977 0.6638748645782471 216
1740302561248 0.6638748645782471 217
1740302561968 0.6638748645782471 218
1740302562095 0.6638748645782471 219
1740302562213 0.6638748645782471 220
1740302562335 0.6638748645782471 221
1740302562454 0.6638748645782471 222
1740302563276 0.6638748645782471 223
1740302563407 0.6638748645782471 224
1740302563524 0.6638748645782471 225
1740302563644 0.6638748645782471 226
1740302563761 0.6638748645782471 227
1740302564617 0.6638748645782471 228
1740302564736 0.6638748645782471 229
1740302564859 0.6638748645782471 230
1740302564991 0.6638748645782471 231
1740302565117 0.6638748645782471 232
1740302566097 0.6638748645782471 233
1740302566225 0.6638748645782471 234
1740302566343 0.6638748645782471 235
1740302566465 0.6638748645782471 236
1740302566587 0.6638748645782471 237
1740302567663 0.6638748645782471 238
1740302567794 0.6638748645782471 239
1740302567913 0.6638748645782471 240
