1740302528525 1.0 121
1740302528651 1.0 122
1740302528776 1.0 123
1740302530808 1.0 124
1740302531659 1.0 125
1740302531821 1.0 126
1740302531955 1.0 127
1740302532076 1.0 128
1740302532198 1.0 129
1740302532972 1.0 130
1740302533097 1.0 131
1740302533246 1.0 132
1740302533386 1.0 133
1740302533509 1.0 134
1740302534281 1.0 135
1740302534411 1.0 136
1740302534534 1.0 137
1740302534654 1.0 138
1740302534781 1.0 139
1740302535622 1.0 140
1740302535762 1.0 141
1740302535892 1.0 142
1740302536012 1.0 143
1740302536134 1.0 144
1740302536982 1.0 145
1740302537115 1.0 146
1740302537235 1.0 147
1740302537356 1.0 148
1740302537475 1.0 149
1740302538366 1.0 150
1740302538499 1.0 151
1740302538619 1.0 152
1740302538750 1.0 153
1740302538872 1.0 154
1740302539873 1.0 155
1740302540585 1.0 156
1740302540748 1.0 157
1740302540868 1.0 158
1740302540989 1.0 159
1740302541116 1.0 160
1740302542065 1.0 161
1740302542202 1.0 162
1740302542324 1.0 163
1740302542448 1.0 164
1740302542569 1.0 165
1740302543576 1.0 166
1740302543707 1.0 167
1740302543833 1.0 168
1740302543961 1.0 169
1740302544095 1.0 170
1740302545349 1.0 171
1740302545491 1.0 172
1740302545615 1.0 173
1740302545742 1.0 174
1740302545868 1.0 175
1740302547374 1.0 176
1740302547509 1.0 177
1740302547632 1.0 178
1740302547754 1.0 179
1740302547875 1.0 180
1740302549196 1.0 181
1740302549324 1.0 182
1740302549445 1.0 183
1740302549568 1.0 184
1740302549689 1.0 185
1740302551001 1.0 186
1740302551677 1.0 187
1740302551804 1.0 188
1740302551922 1.0 189
1740302552041 1.0 190
1740302552161 1.0 191
1740302553026 1.0 192
1740302553161 1.0 193
1740302553286 1.0 194
1740302553405 1.0 195
1740302553527 1.0 196
1740302554479 1.0 197
1740302554623 1.0 198
1740302554745 1.0 199
1740302554865 1.0 200
1740302554984 1.0 201
1740302556051 1.0 202
1740302556201 1.0 203
1740302556329 1.0 204
1740302556458 1.0 205
1740302556618 1.0 206
1740302557732 1.0 207
1740302557862 1.0 208
1740302558001 1.0 209
1740302558122 1.0 210
1740302558243 1.0 211
1740302559442 1.0 212
1740302559574 1.0 213
1740302559744 1.0 214
1740302559862 1.0 215
1740302559982 1.0 216
1740302561251 1.0 217
1740302561971 1.0 218
1740302562099 1.0 219
1740302562216 1.0 220
1740302562338 1.0 221
1740302562457 1.0 222
1740302563279 1.0 223
1740302563411 1.0 224
1740302563527 1.0 225
1740302563647 1.0 226
1740302563766 1.0 227
1740302564620 1.0 228
1740302564739 1.0 229
1740302564863 1.0 230
1740302564996 1.0 231
1740302565120 1.0 232
1740302566099 1.0 233
1740302566228 1.0 234
1740302566346 1.0 235
1740302566468 1.0 236
1740302566590 1.0 237
1740302567666 1.0 238
1740302567797 1.0 239
1740302567916 1.0 240
