1740302528516 0.0008373081218451262 121
1740302528643 0.0008373081218451262 122
1740302528768 0.0008373081218451262 123
1740302530797 0.0008373081218451262 124
1740302531650 0.0008373081218451262 125
1740302531813 0.0008373081218451262 126
1740302531946 0.0008373081218451262 127
1740302532067 0.0008373081218451262 128
1740302532189 0.0008373081218451262 129
1740302532964 0.0008373081218451262 130
1740302533088 0.0008373081218451262 131
1740302533232 0.0008373081218451262 132
1740302533377 0.0008373081218451262 133
1740302533499 0.0008373081218451262 134
1740302534273 0.0008373081218451262 135
1740302534403 0.0008373081218451262 136
1740302534526 0.0008373081218451262 137
1740302534647 0.0008373081218451262 138
1740302534766 0.0008373081218451262 139
1740302535614 0.0008373081218451262 140
1740302535753 0.0008373081218451262 141
1740302535884 0.0008373081218451262 142
1740302536004 0.0008373081218451262 143
1740302536126 0.0008373081218451262 144
1740302536974 0.0008373081218451262 145
1740302537107 0.0008373081218451262 146
1740302537227 0.0008373081218451262 147
1740302537347 0.0008373081218451262 148
1740302537467 0.0008373081218451262 149
1740302538358 0.0008373081218451262 150
1740302538490 0.0008373081218451262 151
1740302538611 0.0008373081218451262 152
1740302538741 0.0008373081218451262 153
1740302538864 0.0008373081218451262 154
1740302539865 0.0008373081218451262 155
1740302540576 0.0008373081218451262 156
1740302540740 0.0008373081218451262 157
1740302540860 0.0008373081218451262 158
1740302540981 0.0008373081218451262 159
1740302541108 0.0008373081218451262 160
1740302542058 0.0008373081218451262 161
1740302542195 0.0008373081218451262 162
1740302542317 0.0008373081218451262 163
1740302542440 0.0008373081218451262 164
1740302542562 0.0008373081218451262 165
1740302543569 0.0008373081218451262 166
1740302543700 0.0008373081218451262 167
1740302543826 0.0008373081218451262 168
1740302543954 0.0008373081218451262 169
1740302544086 0.0008373081218451262 170
1740302545341 0.0008373081218451262 171
1740302545483 0.0008373081218451262 172
1740302545607 0.0008373081218451262 173
1740302545734 0.0008373081218451262 174
1740302545860 0.0008373081218451262 175
1740302547365 0.0008373081218451262 176
1740302547501 0.0008373081218451262 177
1740302547624 0.0008373081218451262 178
1740302547745 0.0008373081218451262 179
1740302547866 0.0008373081218451262 180
1740302549188 0.0008373081218451262 181
1740302549316 0.0008373081218451262 182
1740302549437 0.0008373081218451262 183
1740302549560 0.0008373081218451262 184
1740302549681 0.0008373081218451262 185
1740302550993 0.0008373081218451262 186
1740302551669 0.0008373081218451262 187
1740302551796 0.0008373081218451262 188
1740302551913 0.0008373081218451262 189
1740302552033 0.0008373081218451262 190
1740302552153 0.0008373081218451262 191
1740302553018 0.0008373081218451262 192
1740302553153 0.0008373081218451262 193
1740302553277 0.0008373081218451262 194
1740302553397 0.0008373081218451262 195
1740302553519 0.0008373081218451262 196
1740302554471 0.0008373081218451262 197
1740302554606 0.0008373081218451262 198
1740302554737 0.0008373081218451262 199
1740302554857 0.0008373081218451262 200
1740302554975 0.0008373081218451262 201
1740302556043 0.0008373081218451262 202
1740302556193 0.0008373081218451262 203
1740302556322 0.0008373081218451262 204
1740302556451 0.0008373081218451262 205
1740302556610 0.0008373081218451262 206
1740302557723 0.0008373081218451262 207
1740302557854 0.0008373081218451262 208
1740302557992 0.0008373081218451262 209
1740302558113 0.0008373081218451262 210
1740302558235 0.0008373081218451262 211
1740302559434 0.0008373081218451262 212
1740302559564 0.0008373081218451262 213
1740302559736 0.0008373081218451262 214
1740302559853 0.0008373081218451262 215
1740302559973 0.0008373081218451262 216
1740302561243 0.0008373081218451262 217
1740302561963 0.0008373081218451262 218
1740302562090 0.0008373081218451262 219
1740302562208 0.0008373081218451262 220
1740302562330 0.0008373081218451262 221
1740302562449 0.0008373081218451262 222
1740302563271 0.0008373081218451262 223
1740302563402 0.0008373081218451262 224
1740302563519 0.0008373081218451262 225
1740302563639 0.0008373081218451262 226
1740302563756 0.0008373081218451262 227
1740302564613 0.0008373081218451262 228
1740302564732 0.0008373081218451262 229
1740302564854 0.0008373081218451262 230
1740302564986 0.0008373081218451262 231
1740302565113 0.0008373081218451262 232
1740302566093 0.0008373081218451262 233
1740302566221 0.0008373081218451262 234
1740302566339 0.0008373081218451262 235
1740302566461 0.0008373081218451262 236
1740302566583 0.0008373081218451262 237
1740302567658 0.0008373081218451262 238
1740302567789 0.0008373081218451262 239
1740302567908 0.0008373081218451262 240
