1740302528524 1.0003077983856201 121
1740302528650 1.0003077983856201 122
1740302528775 1.0003077983856201 123
1740302530807 1.0003077983856201 124
1740302531657 1.0003077983856201 125
1740302531820 1.0003077983856201 126
1740302531954 1.0003077983856201 127
1740302532075 1.0003077983856201 128
1740302532197 1.0003077983856201 129
1740302532971 1.0003077983856201 130
1740302533095 1.0003077983856201 131
1740302533244 1.0003077983856201 132
1740302533385 1.0003077983856201 133
1740302533508 1.0003077983856201 134
1740302534280 1.0003077983856201 135
1740302534410 1.0003077983856201 136
1740302534533 1.0003077983856201 137
1740302534653 1.0003077983856201 138
1740302534780 1.0003077983856201 139
1740302535621 1.0003077983856201 140
1740302535760 1.0003077983856201 141
1740302535891 1.0003077983856201 142
1740302536011 1.0003077983856201 143
1740302536133 1.0003077983856201 144
1740302536981 1.0003077983856201 145
1740302537114 1.0003077983856201 146
1740302537234 1.0003077983856201 147
1740302537354 1.0003077983856201 148
1740302537474 1.0003077983856201 149
1740302538365 1.0003077983856201 150
1740302538497 1.0003077983856201 151
1740302538618 1.0003077983856201 152
1740302538748 1.0003077983856201 153
1740302538871 1.0003077983856201 154
1740302539872 1.0003077983856201 155
1740302540583 1.0003077983856201 156
1740302540747 1.0003077983856201 157
1740302540866 1.0003077983856201 158
1740302540988 1.0003077983856201 159
1740302541115 1.0003077983856201 160
1740302542064 1.0003077983856201 161
1740302542201 1.0003077983856201 162
1740302542323 1.0003077983856201 163
1740302542447 1.0003077983856201 164
1740302542568 1.0003077983856201 165
1740302543575 1.0003077983856201 166
1740302543706 1.0003077983856201 167
1740302543832 1.0003077983856201 168
1740302543960 1.0003077983856201 169
1740302544094 1.0003077983856201 170
1740302545348 1.0003077983856201 171
1740302545490 1.0003077983856201 172
1740302545613 1.0003077983856201 173
1740302545741 1.0003077983856201 174
1740302545867 1.0003077983856201 175
1740302547373 1.0003077983856201 176
1740302547508 1.0003077983856201 177
1740302547631 1.0003077983856201 178
1740302547752 1.0003077983856201 179
1740302547874 1.0003077983856201 180
1740302549195 1.0003077983856201 181
1740302549323 1.0003077983856201 182
1740302549444 1.0003077983856201 183
1740302549566 1.0003077983856201 184
1740302549688 1.0003077983856201 185
1740302551000 1.0003077983856201 186
1740302551676 1.0003077983856201 187
1740302551803 1.0003077983856201 188
1740302551920 1.0003077983856201 189
1740302552040 1.0003077983856201 190
1740302552159 1.0003077983856201 191
1740302553025 1.0003077983856201 192
1740302553160 1.0003077983856201 193
1740302553285 1.0003077983856201 194
1740302553404 1.0003077983856201 195
1740302553526 1.0003077983856201 196
1740302554478 1.0003077983856201 197
1740302554620 1.0003077983856201 198
1740302554744 1.0003077983856201 199
1740302554864 1.0003077983856201 200
1740302554983 1.0003077983856201 201
1740302556050 1.0003077983856201 202
1740302556200 1.0003077983856201 203
1740302556328 1.0003077983856201 204
1740302556457 1.0003077983856201 205
1740302556617 1.0003077983856201 206
1740302557731 1.0003077983856201 207
1740302557861 1.0003077983856201 208
1740302558000 1.0003077983856201 209
1740302558121 1.0003077983856201 210
1740302558242 1.0003077983856201 211
1740302559441 1.0003077983856201 212
1740302559572 1.0003077983856201 213
1740302559743 1.0003077983856201 214
1740302559860 1.0003077983856201 215
1740302559980 1.0003077983856201 216
1740302561250 1.0003077983856201 217
1740302561970 1.0003077983856201 218
1740302562098 1.0003077983856201 219
1740302562215 1.0003077983856201 220
1740302562337 1.0003077983856201 221
1740302562456 1.0003077983856201 222
1740302563278 1.0003077983856201 223
1740302563409 1.0003077983856201 224
1740302563526 1.0003077983856201 225
1740302563646 1.0003077983856201 226
1740302563765 1.0003077983856201 227
1740302564619 1.0003077983856201 228
1740302564738 1.0003077983856201 229
1740302564861 1.0003077983856201 230
1740302564995 1.0003077983856201 231
1740302565119 1.0003077983856201 232
1740302566098 1.0003077983856201 233
1740302566227 1.0003077983856201 234
1740302566345 1.0003077983856201 235
1740302566467 1.0003077983856201 236
1740302566589 1.0003077983856201 237
1740302567665 1.0003077983856201 238
1740302567796 1.0003077983856201 239
1740302567915 1.0003077983856201 240
