1740302528518 3.099210888147354 121
1740302528644 3.099210888147354 122
1740302528769 3.099210888147354 123
1740302530798 3.099210888147354 124
1740302531652 3.099210888147354 125
1740302531814 3.099210888147354 126
1740302531947 3.099210888147354 127
1740302532069 3.099210888147354 128
1740302532190 3.099210888147354 129
1740302532965 3.099210888147354 130
1740302533089 3.099210888147354 131
1740302533234 3.099210888147354 132
1740302533379 3.099210888147354 133
1740302533501 3.099210888147354 134
1740302534275 3.099210888147354 135
1740302534404 3.099210888147354 136
1740302534527 3.099210888147354 137
1740302534648 3.099210888147354 138
1740302534774 3.099210888147354 139
1740302535616 3.099210888147354 140
1740302535754 3.099210888147354 141
1740302535885 3.099210888147354 142
1740302536005 3.099210888147354 143
1740302536127 3.099210888147354 144
1740302536975 3.099210888147354 145
1740302537108 3.099210888147354 146
1740302537229 3.099210888147354 147
1740302537349 3.099210888147354 148
1740302537468 3.099210888147354 149
1740302538359 3.099210888147354 150
1740302538491 3.099210888147354 151
1740302538612 3.099210888147354 152
1740302538742 3.099210888147354 153
1740302538866 3.099210888147354 154
1740302539866 3.099210888147354 155
1740302540578 3.099210888147354 156
1740302540741 3.099210888147354 157
1740302540861 3.099210888147354 158
1740302540983 3.099210888147354 159
1740302541109 3.099210888147354 160
1740302542059 3.099210888147354 161
1740302542196 3.099210888147354 162
1740302542318 3.099210888147354 163
1740302542441 3.099210888147354 164
1740302542563 3.099210888147354 165
1740302543570 3.099210888147354 166
1740302543701 3.099210888147354 167
1740302543827 3.099210888147354 168
1740302543955 3.099210888147354 169
1740302544088 3.099210888147354 170
1740302545342 3.099210888147354 171
1740302545484 3.099210888147354 172
1740302545608 3.099210888147354 173
1740302545735 3.099210888147354 174
1740302545862 3.099210888147354 175
1740302547367 3.099210888147354 176
1740302547502 3.099210888147354 177
1740302547625 3.099210888147354 178
1740302547747 3.099210888147354 179
1740302547868 3.099210888147354 180
1740302549189 3.099210888147354 181
1740302549317 3.099210888147354 182
1740302549438 3.099210888147354 183
1740302549561 3.099210888147354 184
1740302549682 3.099210888147354 185
1740302550994 3.099210888147354 186
1740302551670 3.099210888147354 187
1740302551797 3.099210888147354 188
1740302551914 3.099210888147354 189
1740302552034 3.099210888147354 190
1740302552154 3.099210888147354 191
1740302553019 3.099210888147354 192
1740302553154 3.099210888147354 193
1740302553279 3.099210888147354 194
1740302553398 3.099210888147354 195
1740302553520 3.099210888147354 196
1740302554472 3.099210888147354 197
1740302554608 3.099210888147354 198
1740302554738 3.099210888147354 199
1740302554858 3.099210888147354 200
1740302554977 3.099210888147354 201
1740302556045 3.099210888147354 202
1740302556194 3.099210888147354 203
1740302556323 3.099210888147354 204
1740302556452 3.099210888147354 205
1740302556611 3.099210888147354 206
1740302557725 3.099210888147354 207
1740302557855 3.099210888147354 208
1740302557994 3.099210888147354 209
1740302558115 3.099210888147354 210
1740302558236 3.099210888147354 211
1740302559435 3.099210888147354 212
1740302559565 3.099210888147354 213
1740302559737 3.099210888147354 214
1740302559855 3.099210888147354 215
1740302559974 3.099210888147354 216
1740302561244 3.099210888147354 217
1740302561964 3.099210888147354 218
1740302562092 3.099210888147354 219
1740302562209 3.099210888147354 220
1740302562331 3.099210888147354 221
1740302562450 3.099210888147354 222
1740302563272 3.099210888147354 223
1740302563403 3.099210888147354 224
1740302563520 3.099210888147354 225
1740302563640 3.099210888147354 226
1740302563757 3.099210888147354 227
1740302564614 3.099210888147354 228
1740302564733 3.099210888147354 229
1740302564855 3.099210888147354 230
1740302564987 3.099210888147354 231
1740302565114 3.099210888147354 232
1740302566094 3.099210888147354 233
1740302566222 3.099210888147354 234
1740302566340 3.099210888147354 235
1740302566462 3.099210888147354 236
1740302566584 3.099210888147354 237
1740302567660 3.099210888147354 238
1740302567790 3.099210888147354 239
1740302567910 3.099210888147354 240
